,.INX_Open,.INX_High,.INX_Low,.INX_Close,.INX_Volume
2011-04-26,1337.14,1337.55,1331.47,1335.25,0
2011-04-27,1336.75,1349.55,1336.75,1347.24,0
2011-04-28,1348.43,1357.49,1344.25,1355.66,0
2011-04-29,1353.86,1361.71,1353.6,1360.48,0
2011-04-30,1360.14,1363.61,1360.48,1363.61,0
2011-05-03,1365.21,1370.58,1358.59,1361.22,0
2011-05-04,1359.76,1360.84,1349.52,1356.62,0
2011-05-05,1355.9,1355.9,1341.5,1347.32,0
2011-05-06,1344.16,1348.0,1329.17,1335.1,0
2011-05-07,1340.24,1354.36,1335.58,1340.2,0
2011-05-10,1340.2,1349.44,1338.64,1346.29,0
2011-05-11,1348.34,1359.44,1348.34,1357.16,0
2011-05-12,1354.51,1354.51,1336.36,1342.08,0
2011-05-13,1339.39,1351.05,1332.03,1348.65,0
2011-05-14,1348.69,1350.47,1333.36,1337.77,0
2011-05-17,1334.77,1343.33,1327.32,1329.47,0
2011-05-18,1326.1,1330.42,1318.51,1328.98,0
2011-05-19,1328.54,1341.82,1326.59,1340.68,0
2011-05-20,1342.4,1345.21,1336.36,1343.6,0
2011-05-21,1342.0,1342.0,1330.67,1333.27,0
2011-05-24,1333.07,1333.07,1312.88,1317.37,0
2011-05-25,1317.7,1323.72,1313.87,1316.28,0
2011-05-26,1316.36,1325.86,1311.8,1320.47,0
2011-05-27,1320.64,1328.51,1314.41,1325.69,0
2011-05-28,1331.1,1331.1,1331.1,1331.1,0
2011-06-01,1331.1,1345.2,1331.1,1345.2,0
2011-06-02,1345.2,1345.2,1313.71,1314.55,0
2011-06-03,1314.55,1318.03,1305.61,1312.94,0
2011-06-04,1312.94,1312.94,1297.9,1300.16,0
2011-06-07,1300.26,1300.26,1284.72,1286.17,0
2011-06-08,1286.31,1296.22,1284.74,1284.94,0
2011-06-09,1284.63,1287.04,1277.42,1279.56,0
2011-06-10,1279.63,1294.54,1279.63,1289.0,0
2011-06-11,1288.6,1288.6,1268.28,1270.98,0
2011-06-14,1271.31,1277.04,1265.64,1271.83,0
2011-06-15,1272.22,1292.5,1272.22,1287.87,0
2011-06-16,1287.87,1287.87,1261.9,1265.42,0
2011-06-17,1265.53,1274.11,1258.07,1267.64,0
2011-06-18,1268.58,1279.82,1267.4,1271.5,0
2011-06-21,1271.5,1280.42,1267.56,1278.36,0
2011-06-22,1278.4,1297.62,1278.4,1295.52,0
2011-06-23,1295.48,1298.61,1286.79,1287.14,0
2011-06-24,1286.6,1286.6,1262.87,1283.5,0
2011-06-25,1283.04,1283.93,1267.24,1268.45,0
2011-06-28,1268.44,1284.91,1267.53,1280.1,0
2011-06-29,1280.21,1296.8,1280.21,1296.67,0
2011-06-30,1296.85,1309.21,1296.85,1307.41,0
2011-07-01,1307.64,1321.97,1307.64,1320.64,0
2011-07-02,1339.67,1339.67,1339.67,1339.67,0
2011-07-06,1339.59,1340.89,1334.3,1337.88,0
2011-07-07,1337.56,1340.94,1330.92,1339.22,0
2011-07-08,1339.62,1356.48,1339.62,1353.22,0
2011-07-09,1352.39,1352.39,1333.71,1343.8,604566402
2011-07-12,1343.31,1343.31,1316.42,1319.49,634678149
2011-07-13,1319.61,1327.17,1313.33,1313.64,727709237
2011-07-14,1314.45,1331.48,1314.45,1317.72,665194136
2011-07-15,1317.74,1326.88,1306.51,1308.87,720241043
2011-07-16,1308.87,1317.7,1307.52,1316.14,884873379
2011-07-19,1315.94,1315.94,1295.92,1305.44,678947418
2011-07-20,1307.07,1328.14,1307.07,1326.73,696044433
2011-07-21,1328.66,1330.43,1323.65,1325.84,644010506
2011-07-22,1325.65,1347.0,1325.65,1343.8,829496744
2011-07-23,1343.8,1346.1,1336.95,1345.02,585559408
2011-07-26,1344.32,1344.32,1331.09,1337.43,576860663
2011-07-27,1337.39,1338.51,1329.59,1331.94,652053297
2011-07-28,1331.91,1331.91,1303.49,1304.89,852723222
2011-07-29,1304.84,1316.32,1299.16,1300.67,748423359
2011-07-30,1300.12,1304.16,1282.86,1292.28,951840994
2011-08-02,1292.59,1307.38,1274.73,1286.94,851983685
2011-08-03,1286.56,1286.56,1254.03,1254.05,960305320
2011-08-04,1254.25,1261.2,1234.56,1260.34,1017929428
2011-08-05,1260.23,1260.23,1199.54,1200.07,1354440481
2011-08-06,1200.28,1218.11,1168.09,1199.38,1724038427
2011-08-09,1198.48,1198.48,1119.28,1119.46,1938224823
2011-08-10,1120.23,1172.88,1101.54,1172.53,1861439426
2011-08-11,1171.77,1171.77,1118.01,1120.76,1717760269
2011-08-12,1121.3,1186.29,1121.3,1172.64,1528892951
2011-08-13,1172.87,1189.04,1170.74,1178.81,1000795534
2011-08-16,1178.86,1204.49,1178.86,1204.49,855621780
2011-08-17,1204.22,1204.22,1180.53,1192.76,871874227
2011-08-18,1192.89,1208.47,1184.36,1193.88,784412496
2011-08-19,1189.62,1189.62,1131.03,1140.65,1304288663
2011-08-20,1140.47,1154.54,1122.05,1123.53,1274017115
2011-08-23,1123.55,1145.49,1121.09,1123.82,911682001
2011-08-24,1124.36,1162.35,1122.91,1162.35,962340913
2011-08-25,1162.16,1178.56,1156.3,1177.6,876215466
2011-08-26,1176.69,1190.68,1155.47,1159.27,944172666
2011-08-27,1158.85,1181.23,1135.91,1176.8,917776305
2011-08-30,1177.91,1210.28,1177.91,1210.08,686404157
2011-08-31,1209.76,1220.1,1195.77,1212.92,794771483
2011-09-01,1213.0,1230.71,1209.35,1218.89,963811586
2011-09-02,1219.12,1229.29,1203.85,1204.42,742114585
2011-09-03,1203.9,1203.9,1170.56,1173.97,723929644
2011-09-07,1173.97,1173.97,1140.13,1165.24,860860457
2011-09-08,1165.85,1198.62,1165.85,1198.62,771110426
2011-09-09,1197.98,1204.4,1183.34,1185.9,782308099
2011-09-10,1185.37,1185.37,1148.37,1154.23,993603433
2011-09-13,1153.5,1162.52,1136.07,1162.27,857714917
2011-09-14,1162.59,1176.41,1157.44,1172.87,832337292
2011-09-15,1173.32,1202.38,1162.73,1188.68,887359352
2011-09-16,1189.44,1209.11,1189.44,1209.11,802306604
2011-09-17,1209.21,1220.06,1204.46,1216.01,1568106835
2011-09-20,1214.99,1214.99,1188.36,1204.09,738602405
2011-09-21,1204.5,1220.39,1201.29,1202.09,720960934
2011-09-22,1203.63,1206.3,1166.21,1166.76,967540054
2011-09-23,1164.55,1164.55,1114.22,1129.56,1347290451
2011-09-24,1128.82,1141.72,1121.36,1136.43,951820410
2011-09-27,1136.91,1164.19,1131.07,1162.95,918023089
2011-09-28,1163.32,1195.86,1163.32,1175.38,900240442
2011-09-29,1175.39,1184.71,1150.4,1151.06,789870229
2011-09-30,1151.74,1175.87,1139.93,1160.4,883318450
2011-10-01,1159.93,1159.93,1131.34,1131.42,986533828
2011-10-04,1131.21,1138.99,1098.92,1099.23,1064637423
2011-10-05,1097.42,1125.12,1074.77,1123.95,1234751524
2011-10-06,1124.03,1146.07,1115.68,1144.04,973757258
2011-10-07,1144.11,1165.55,1134.95,1164.97,851180498
2011-10-08,1165.03,1171.4,1150.26,1155.46,881987180
2011-10-11,1158.15,1194.91,1158.15,1194.89,654900182
2011-10-12,1194.6,1199.24,1187.3,1195.54,650495293
2011-10-13,1196.19,1220.25,1196.19,1207.25,805996037
2011-10-14,1206.96,1207.46,1190.58,1203.66,678085409
2011-10-15,1205.65,1224.61,1205.65,1224.58,627784340
2011-10-18,1224.47,1224.47,1198.55,1200.86,679194964
2011-10-19,1200.75,1233.1,1191.48,1225.38,853336854
2011-10-20,1223.46,1229.64,1206.31,1209.88,776277817
2011-10-21,1209.92,1219.53,1197.34,1215.39,768757500
2011-10-22,1215.39,1239.03,1215.39,1238.25,1039907588
2011-10-25,1238.72,1256.55,1238.72,1254.19,700005048
2011-10-26,1253.86,1253.86,1226.79,1229.05,774021372
2011-10-27,1229.17,1246.28,1221.06,1242.0,892603231
2011-10-28,1243.97,1292.66,1243.97,1284.59,1060954523
2011-10-29,1284.39,1287.08,1277.01,1285.08,773623934
2011-11-01,1284.96,1284.96,1253.16,1253.3,860463689
2011-11-02,1251.0,1251.0,1215.42,1218.28,1000384262
2011-11-03,1219.62,1242.48,1219.62,1237.9,751246981
2011-11-04,1238.25,1263.21,1234.81,1261.15,794731867
2011-11-05,1260.82,1260.82,1238.92,1253.23,650297708
2011-11-08,1253.21,1261.7,1240.75,1261.12,599517168
2011-11-09,1261.12,1277.55,1254.99,1275.92,658714639
2011-11-10,1275.18,1275.18,1226.64,1229.1,851197270
2011-11-11,1229.59,1246.22,1227.7,1239.7,692943332
2011-11-12,1240.12,1266.98,1240.12,1263.85,576721361
2011-11-15,1263.85,1263.85,1246.68,1251.78,533463234
2011-11-16,1251.7,1264.25,1244.34,1257.81,624302078
2011-11-17,1257.81,1259.61,1235.67,1236.91,753541287
2011-11-18,1236.56,1237.73,1209.43,1216.13,822872074
2011-11-19,1216.19,1223.51,1211.36,1215.65,788180044
2011-11-22,1215.62,1215.62,1183.16,1192.98,735399102
2011-11-23,1192.98,1196.81,1181.65,1188.04,674946864
2011-11-24,1161.79,1161.79,1161.79,1161.79,0
2011-11-26,1161.41,1172.66,1158.66,1158.67,335956880
2011-11-29,1158.67,1197.35,1158.67,1192.55,739215915
2011-11-30,1192.56,1203.67,1191.8,1195.19,647616312
2011-12-01,1196.72,1247.11,1196.72,1246.96,1172115724
2011-12-02,1246.91,1251.09,1239.73,1244.58,616267764
2011-12-03,1246.03,1260.08,1243.35,1244.28,664845278
2011-12-06,1244.33,1266.73,1244.33,1257.08,681306682
2011-12-07,1257.19,1266.03,1253.03,1258.47,595394701
2011-12-08,1258.14,1267.06,1244.8,1261.01,717576123
2011-12-09,1260.87,1260.87,1231.47,1234.35,710781395
2011-12-10,1234.48,1258.25,1234.48,1255.19,607239967
2011-12-13,1255.05,1255.05,1227.25,1236.47,610944177
2011-12-14,1236.83,1249.86,1219.43,1225.73,735543315
2011-12-15,1225.73,1225.73,1209.47,1211.82,698587206
2011-12-16,1212.12,1225.6,1212.12,1215.75,648747609
2011-12-17,1216.09,1231.04,1215.2,1219.66,1403591924
2011-12-20,1219.74,1224.57,1202.37,1205.35,569817637
2011-12-21,1205.72,1242.82,1205.72,1241.3,741105751
2011-12-22,1241.25,1245.09,1229.51,1243.72,715569979
2011-12-23,1243.72,1255.22,1243.72,1254.0,615073106
2011-12-24,1265.33,1265.33,1265.33,1265.33,0
2011-12-28,1265.02,1269.37,1262.3,1265.43,347088222
2011-12-29,1265.38,1265.85,1248.64,1249.64,388379153
2011-12-30,1249.75,1263.54,1249.75,1263.02,375206293
2011-12-31,1262.82,1264.12,1257.46,1257.6,422083445
2012-01-04,1258.86,1284.62,1258.86,1277.06,662715756
2012-01-05,1277.03,1278.73,1268.1,1277.3,613302433
2012-01-06,1277.3,1283.05,1265.26,1281.06,661073567
2012-01-07,1280.93,1281.84,1273.34,1277.81,586007516
2012-01-10,1277.83,1281.99,1274.55,1280.7,582309850
2012-01-11,1280.77,1296.46,1280.77,1292.08,653259111
2012-01-12,1292.02,1293.8,1285.41,1292.48,568741622
2012-01-13,1292.48,1296.82,1285.77,1295.5,580177676
2012-01-14,1289.09,1289.09,1289.09,1289.09,0
2012-01-18,1290.22,1303.0,1290.22,1293.67,641969084
2012-01-19,1293.65,1308.11,1290.99,1308.04,675850271
2012-01-20,1308.07,1315.49,1308.07,1314.5,663577739
2012-01-21,1314.49,1315.38,1309.17,1315.38,878320204
2012-01-24,1315.29,1322.28,1309.89,1316.0,583433166
2012-01-25,1315.96,1315.96,1306.06,1314.65,584740700
2012-01-26,1314.4,1328.3,1307.65,1326.06,686713041
2012-01-27,1326.28,1333.47,1313.6,1318.43,701746291
2012-01-28,1318.25,1320.06,1311.72,1316.33,676624808
2012-01-31,1316.16,1316.16,1300.49,1313.01,577400499
2012-02-01,1313.53,1321.41,1306.69,1312.41,797230530
2012-02-02,1312.45,1330.52,1312.45,1324.09,672663549
2012-02-03,1324.24,1329.19,1321.57,1325.54,584223678
2012-02-04,1326.21,1345.34,1326.21,1344.9,665334625
2012-02-07,1344.32,1344.36,1337.52,1344.33,531777345
2012-02-08,1344.33,1349.24,1335.92,1347.05,535133187
2012-02-09,1347.04,1351.0,1341.95,1349.96,595613858
2012-02-10,1349.97,1354.32,1344.63,1351.95,607917970
2012-02-11,1351.21,1351.21,1337.35,1342.64,563291630
2012-02-14,1343.06,1353.35,1343.06,1351.77,509390609
2012-02-15,1351.3,1351.3,1340.83,1350.5,575332506
2012-02-16,1350.52,1355.87,1340.8,1343.23,620012187
2012-02-17,1342.61,1359.02,1341.22,1358.04,613533771
2012-02-18,1358.06,1363.4,1357.24,1361.23,847908850
2012-02-22,1361.22,1367.76,1358.11,1362.21,621983546
2012-02-23,1362.11,1362.7,1355.53,1357.66,564038053
2012-02-24,1357.53,1364.24,1352.28,1363.46,568546577
2012-02-25,1363.46,1368.92,1363.46,1365.74,472036616
2012-02-28,1365.2,1371.94,1354.92,1367.59,572529581
2012-02-29,1367.56,1373.09,1365.97,1372.18,586648487
2012-03-01,1372.2,1378.04,1363.81,1365.68,839339980
2012-03-02,1365.9,1376.17,1365.9,1374.09,617111542
2012-03-03,1374.09,1374.53,1366.42,1369.63,471320835
2012-03-06,1369.59,1369.59,1359.13,1364.33,529724230
2012-03-07,1363.63,1363.63,1340.03,1343.36,658266389
2012-03-08,1343.39,1354.85,1343.39,1352.63,618036749
2012-03-09,1352.65,1368.72,1352.65,1365.91,531454112
2012-03-10,1365.97,1374.76,1365.97,1370.87,517234992
2012-03-13,1370.78,1373.04,1366.69,1371.09,473774578
2012-03-14,1371.92,1396.13,1371.92,1395.95,672518459
2012-03-15,1395.95,1399.42,1389.97,1394.28,678427150
2012-03-16,1394.17,1402.63,1392.78,1402.6,662602465
2012-03-17,1402.55,1405.88,1401.47,1404.17,1343126631
2012-03-20,1404.17,1414.0,1402.43,1409.75,545546207
2012-03-21,1409.59,1409.59,1397.68,1405.52,543643460
2012-03-22,1405.52,1407.75,1400.64,1402.89,569390043
2012-03-23,1402.89,1402.89,1388.73,1392.78,568355543
2012-03-24,1392.78,1399.18,1386.87,1397.11,570172743
2012-03-27,1397.11,1416.58,1397.11,1416.51,556882643
2012-03-28,1416.55,1419.15,1411.95,1412.52,554126569
2012-03-29,1412.52,1413.65,1397.2,1405.54,632734666
2012-03-30,1405.39,1405.39,1391.56,1403.28,620549995
2012-03-31,1403.31,1410.89,1401.42,1408.47,744671689
2012-04-03,1408.47,1422.38,1404.46,1419.04,578591901
2012-04-04,1418.98,1419.0,1404.62,1413.38,638204924
2012-04-05,1413.09,1413.09,1394.09,1398.96,624983794
2012-04-06,1398.79,1401.6,1392.92,1398.08,538038547
2012-04-10,1397.45,1397.45,1378.24,1382.2,530184387
2012-04-11,1382.18,1383.01,1357.38,1358.59,722583719
2012-04-12,1358.98,1374.71,1358.98,1368.71,585197397
2012-04-13,1368.77,1388.13,1368.77,1387.57,539962524
2012-04-14,1387.61,1387.61,1369.85,1370.26,620009449
2012-04-17,1370.27,1379.66,1365.38,1369.57,587617167
2012-04-18,1369.57,1392.76,1369.57,1390.78,550794442
2012-04-19,1390.78,1390.78,1383.29,1385.14,552800131
2012-04-20,1385.08,1390.46,1370.3,1376.92,661352193
2012-04-21,1376.96,1387.4,1376.96,1378.53,869052153
2012-04-24,1378.53,1378.53,1358.79,1366.94,625934197
2012-04-25,1366.97,1375.57,1366.82,1371.97,607308502
2012-04-26,1372.11,1391.37,1372.11,1390.69,632292337
2012-04-27,1390.64,1402.09,1387.28,1399.98,587283652
2012-04-28,1400.19,1406.64,1397.31,1403.36,574386793
2012-05-01,1403.26,1403.26,1394.0,1397.91,607527520
2012-05-02,1397.86,1415.32,1395.73,1405.82,565454727
2012-05-03,1405.5,1405.5,1393.92,1402.31,546297587
2012-05-04,1402.32,1403.07,1388.71,1391.57,581533197
2012-05-05,1391.51,1391.51,1367.96,1369.1,585374439
2012-05-08,1368.79,1373.91,1363.94,1369.58,576964236
2012-05-09,1369.16,1369.16,1347.75,1363.72,675233654
2012-05-10,1363.2,1363.73,1343.13,1354.58,711609841
2012-05-11,1354.58,1365.88,1354.58,1357.99,647812474
2012-05-12,1358.11,1365.66,1348.89,1353.39,611356322
2012-05-15,1351.93,1351.93,1336.61,1338.35,618913447
2012-05-16,1338.36,1344.94,1328.41,1330.66,655384391
2012-05-17,1330.78,1341.78,1324.79,1324.8,665461660
2012-05-18,1324.82,1326.36,1304.86,1304.86,680754298
2012-05-19,1305.05,1312.24,1291.98,1295.22,975332248
2012-05-22,1295.73,1316.39,1295.73,1315.99,622745312
2012-05-23,1316.09,1328.49,1310.04,1316.63,622407702
2012-05-24,1316.02,1320.71,1296.53,1318.86,693140910
2012-05-25,1318.72,1324.14,1310.5,1320.68,614732934
2012-05-26,1320.81,1324.2,1314.23,1317.82,449802901
2012-05-30,1318.9,1334.93,1318.9,1332.42,550951338
2012-05-31,1331.25,1331.25,1310.76,1313.32,579641069
2012-06-01,1313.09,1319.74,1298.9,1310.33,940925358
2012-06-02,1309.87,1309.87,1277.25,1278.04,782220887
2012-06-05,1278.29,1282.55,1266.74,1278.18,635946385
2012-06-06,1277.82,1287.62,1274.16,1285.5,558438720
2012-06-07,1285.61,1315.13,1285.61,1315.13,652861283
2012-06-08,1316.15,1329.05,1312.68,1314.99,649344312
2012-06-09,1314.99,1325.81,1307.77,1325.66,527231293
2012-06-12,1325.72,1335.52,1307.73,1308.93,566392699
2012-06-13,1309.4,1324.31,1306.62,1324.18,573850932
2012-06-14,1324.02,1327.28,1310.51,1314.88,553876162
2012-06-15,1314.88,1333.68,1314.14,1329.1,608023508
2012-06-16,1329.19,1343.32,1329.19,1342.84,1141818297
2012-06-19,1342.42,1348.22,1334.46,1344.78,540693645
2012-06-20,1344.83,1363.46,1344.83,1357.98,586629773
2012-06-21,1358.04,1361.57,1346.45,1355.69,573023007
2012-06-22,1355.43,1358.27,1324.41,1325.51,677891678
2012-06-23,1325.92,1337.82,1325.92,1335.02,929041316
2012-06-26,1334.9,1334.9,1309.27,1313.72,596638856
2012-06-27,1314.09,1324.24,1310.3,1319.99,550335831
2012-06-28,1320.71,1334.4,1320.71,1331.85,499592326
2012-06-29,1331.52,1331.52,1313.29,1329.04,692430228
2012-06-30,1330.12,1362.17,1330.12,1362.16,852335491
2012-07-03,1362.33,1366.35,1355.7,1365.51,544915121
2012-07-04,1365.75,1374.81,1363.53,1374.02,333805962
2012-07-06,1373.72,1373.85,1363.02,1367.58,491316624
2012-07-07,1367.09,1367.09,1348.03,1354.68,473892776
2012-07-10,1354.66,1354.87,1346.65,1352.46,488550379
2012-07-11,1352.96,1361.54,1336.27,1341.47,557227621
2012-07-12,1341.4,1345.0,1333.25,1341.45,593546769
2012-07-13,1341.29,1341.29,1325.41,1334.76,597864299
2012-07-14,1334.81,1357.7,1334.81,1356.78,522326756
2012-07-17,1356.5,1357.26,1348.51,1353.64,460442491
2012-07-18,1353.68,1365.36,1345.07,1363.67,554028066
2012-07-19,1363.58,1375.26,1358.96,1372.78,573272738
2012-07-20,1373.01,1380.39,1371.21,1376.51,631244869
2012-07-21,1376.51,1376.51,1362.19,1362.66,851766884
2012-07-24,1362.34,1362.34,1337.56,1350.52,591487647
2012-07-25,1350.52,1351.53,1329.24,1338.31,616405681
2012-07-26,1338.35,1343.98,1331.5,1337.89,643149202
2012-07-27,1338.17,1363.13,1338.17,1360.02,705312389
2012-07-28,1360.05,1389.19,1360.05,1385.97,740576248
2012-07-31,1385.94,1391.74,1381.37,1385.3,484707674
2012-08-01,1385.27,1387.16,1379.17,1379.32,669729757
2012-08-02,1379.32,1385.03,1373.35,1375.14,692645751
2012-08-03,1375.13,1375.13,1354.65,1365.0,615875152
2012-08-04,1365.45,1394.16,1365.45,1390.99,551766926
2012-08-07,1391.04,1399.63,1391.04,1394.23,479861733
2012-08-08,1394.46,1407.14,1394.46,1401.35,519595386
2012-08-09,1401.23,1404.14,1396.13,1402.22,466719385
2012-08-10,1402.26,1405.95,1398.8,1402.8,448493509
2012-08-11,1402.58,1405.98,1395.62,1405.87,441987089
2012-08-14,1405.87,1405.87,1397.32,1404.11,380475523
2012-08-15,1404.36,1410.03,1400.6,1403.93,429520432
2012-08-16,1403.89,1407.73,1401.83,1405.53,419471154
2012-08-17,1405.57,1417.44,1404.15,1415.51,500153157
2012-08-18,1415.84,1418.71,1414.67,1418.16,585809152
2012-08-21,1417.85,1418.13,1412.12,1418.13,435135109
2012-08-22,1418.13,1426.68,1410.86,1413.17,506639699
2012-08-23,1413.09,1416.12,1406.78,1413.49,501633287
2012-08-24,1413.49,1413.49,1400.5,1402.08,451905114
2012-08-25,1401.99,1413.46,1398.04,1411.13,425661953
2012-08-28,1411.13,1416.17,1409.11,1410.44,414499366
2012-08-29,1410.44,1413.63,1405.59,1409.3,400891580
2012-08-30,1409.32,1413.95,1406.57,1410.49,391057394
2012-08-31,1410.08,1410.08,1397.01,1399.48,398456591
2012-09-01,1400.07,1413.09,1398.96,1406.58,566311056
2012-09-05,1406.54,1409.31,1396.56,1404.94,464461357
2012-09-06,1404.94,1408.81,1401.25,1403.44,468363922
2012-09-07,1403.74,1432.12,1403.74,1432.12,563049867
2012-09-08,1432.12,1437.92,1431.45,1437.92,540397282
2012-09-11,1437.92,1438.74,1428.98,1429.08,487014538
2012-09-12,1429.13,1437.76,1429.13,1433.56,520792853
2012-09-13,1433.56,1439.15,1432.99,1436.56,493270053
2012-09-14,1436.56,1463.76,1435.34,1459.99,608373240
2012-09-15,1460.07,1474.51,1460.07,1465.77,732027929
2012-09-18,1465.42,1465.63,1457.55,1461.19,517631769
2012-09-19,1461.19,1461.47,1456.13,1459.32,487005681
2012-09-20,1459.5,1465.15,1457.88,1461.05,514794246
2012-09-21,1461.05,1461.23,1449.98,1460.26,526569603
2012-09-22,1460.34,1467.07,1459.51,1460.15,1473948102
2012-09-25,1459.76,1460.72,1452.06,1456.89,490691036
2012-09-26,1456.94,1463.24,1441.59,1441.59,593072603
2012-09-27,1441.6,1441.6,1430.53,1433.32,535569919
2012-09-28,1433.36,1450.2,1433.36,1447.15,479755080
2012-09-29,1447.13,1447.13,1435.6,1440.67,628322964
2012-10-02,1440.9,1457.14,1440.9,1444.49,511947340
2012-10-03,1444.99,1451.52,1439.01,1445.75,457426374
2012-10-04,1446.05,1454.3,1441.99,1450.99,506553034
2012-10-05,1451.08,1463.14,1451.08,1461.4,496741833
2012-10-06,1461.4,1470.96,1456.89,1460.93,478514658
2012-10-09,1460.93,1460.93,1453.1,1455.88,350746873
2012-10-10,1455.9,1455.9,1441.18,1441.48,476218789
2012-10-11,1441.48,1442.52,1430.64,1432.56,453629169
2012-10-12,1432.82,1443.9,1432.82,1432.84,496857673
2012-10-13,1432.84,1438.43,1425.53,1428.59,513582409
2012-10-16,1428.75,1441.31,1427.24,1440.13,489333574
2012-10-17,1440.31,1455.51,1440.31,1454.92,484885417
2012-10-18,1454.22,1462.2,1453.35,1460.91,551740702
2012-10-19,1460.94,1464.02,1452.63,1457.34,565585517
2012-10-20,1457.34,1457.34,1429.85,1433.19,885609982
2012-10-23,1433.21,1435.46,1422.06,1433.82,511793048
2012-10-24,1433.74,1433.74,1407.56,1413.11,552734426
2012-10-25,1413.2,1420.04,1407.1,1408.75,541725506
2012-10-26,1409.74,1421.12,1405.14,1412.97,557434364
2012-10-27,1412.97,1417.09,1403.28,1411.94,605527345
2012-11-01,1410.99,1418.76,1405.95,1412.16,653602157
2012-11-02,1412.2,1428.35,1412.2,1427.59,599183333
2012-11-03,1427.59,1434.27,1412.91,1414.2,607515078
2012-11-06,1414.2,1419.9,1408.13,1417.26,459314757
2012-11-07,1417.26,1433.38,1417.26,1428.39,542763083
2012-11-08,1428.27,1428.27,1388.14,1394.53,692222492
2012-11-09,1394.53,1401.23,1377.51,1377.51,612832891
2012-11-10,1377.55,1391.39,1373.03,1379.85,575874033
2012-11-13,1379.86,1384.87,1377.19,1380.03,282625115
2012-11-14,1380.03,1388.81,1371.39,1374.53,551632267
2012-11-15,1374.64,1380.13,1352.5,1355.49,659656333
2012-11-16,1355.41,1360.62,1348.05,1353.33,602714906
2012-11-17,1353.36,1362.03,1343.35,1359.88,842559422
2012-11-20,1359.88,1386.89,1359.88,1386.89,563440897
2012-11-21,1386.82,1389.77,1377.04,1387.81,508090326
2012-11-22,1387.79,1391.25,1386.39,1391.03,392239769
2012-11-24,1391.03,1409.16,1391.03,1409.15,242179185
2012-11-27,1409.15,1409.15,1397.68,1406.29,505032802
2012-11-28,1406.29,1409.01,1398.03,1398.94,527017551
2012-11-29,1398.77,1410.31,1385.43,1409.93,552197619
2012-11-30,1409.96,1419.7,1409.04,1415.95,509860077
2012-12-01,1415.95,1418.86,1411.63,1416.18,836942757
2012-12-04,1416.34,1423.73,1408.46,1409.46,517130581
2012-12-05,1409.46,1413.14,1403.65,1407.05,534149838
2012-12-06,1407.05,1415.56,1398.23,1409.28,610203520
2012-12-07,1409.43,1413.95,1405.93,1413.94,502934878
2012-12-08,1413.95,1420.34,1410.9,1418.07,471402175
2012-12-11,1418.07,1421.64,1415.64,1418.55,468455866
2012-12-12,1418.55,1434.27,1418.55,1427.84,574978684
2012-12-13,1427.84,1438.59,1426.76,1428.48,550927260
2012-12-14,1428.48,1431.36,1416.0,1419.45,506508961
2012-12-15,1419.45,1419.45,1411.88,1413.58,517488402
2012-12-18,1413.54,1430.67,1413.54,1430.36,572655469
2012-12-19,1430.47,1448.0,1430.47,1446.79,642268901
2012-12-20,1446.79,1447.75,1435.8,1435.81,569536867
2012-12-21,1435.81,1443.7,1432.82,1443.69,511447268
2012-12-22,1443.67,1443.67,1422.58,1430.15,1514501882
2012-12-25,1430.15,1430.15,1424.66,1426.66,218666772
2012-12-27,1426.66,1429.42,1416.43,1419.83,355821215
2012-12-28,1419.83,1422.8,1401.8,1418.1,434249823
2012-12-29,1418.1,1418.1,1401.58,1402.43,397520580
2013-01-01,1402.43,1426.74,1398.11,1426.19,585218638
2013-01-03,1426.19,1462.43,1426.19,1462.42,665146596
2013-01-04,1462.42,1465.47,1455.53,1459.37,561263889
2013-01-05,1459.37,1467.94,1458.99,1466.47,489371018
2013-01-08,1466.47,1466.47,1456.62,1461.89,471486310
2013-01-09,1461.89,1461.89,1451.64,1457.15,532588001
2013-01-10,1457.15,1464.73,1457.15,1461.02,489881032
2013-01-11,1461.02,1472.3,1461.02,1472.12,544221628
2013-01-12,1472.12,1472.75,1467.58,1472.05,470769450
2013-01-15,1472.05,1472.05,1465.69,1470.68,480688321
2013-01-16,1470.67,1473.31,1463.76,1472.34,470708692
2013-01-17,1472.33,1473.96,1467.6,1472.63,485848013
2013-01-18,1472.63,1485.16,1472.63,1480.94,591465247
2013-01-19,1480.95,1485.98,1475.81,1485.98,920956704
2013-01-23,1485.98,1492.56,1481.16,1492.56,559020611
2013-01-24,1492.56,1496.13,1489.9,1494.81,479226746
2013-01-25,1494.81,1502.27,1489.46,1494.82,543482843
2013-01-26,1494.82,1503.26,1494.82,1502.96,559070252
2013-01-29,1502.96,1503.23,1496.33,1500.18,502845373
2013-01-30,1500.18,1509.35,1498.09,1507.84,562427253
2013-01-31,1507.84,1509.94,1500.11,1501.96,541017798
2013-02-01,1501.96,1504.19,1496.76,1498.11,712668320
2013-02-02,1498.11,1514.41,1498.11,1513.17,576498951
2013-02-05,1513.17,1513.17,1495.02,1495.71,566862215
2013-02-06,1495.71,1514.96,1495.71,1511.29,576457137
2013-02-07,1511.29,1512.53,1504.71,1512.12,543812172
2013-02-08,1512.12,1512.9,1498.49,1509.39,534511492
2013-02-09,1509.39,1518.31,1509.39,1517.93,459823897
2013-02-12,1517.93,1518.31,1513.61,1517.01,382890820
2013-02-13,1517.01,1522.29,1515.61,1519.43,469782616
2013-02-14,1519.43,1524.69,1515.93,1520.33,495489859
2013-02-15,1520.33,1523.14,1514.02,1521.38,524251240
2013-02-16,1521.38,1524.24,1514.14,1519.79,802927921
2013-02-20,1519.79,1530.94,1519.79,1530.94,558582520
2013-02-21,1530.94,1530.94,1511.41,1511.95,583104244
2013-02-22,1511.95,1511.95,1497.29,1502.42,588934800
2013-02-23,1502.42,1515.64,1502.42,1515.6,505050008
2013-02-26,1515.6,1525.84,1487.85,1487.85,627165719
2013-02-27,1487.85,1498.99,1485.01,1496.94,569354036
2013-02-28,1496.94,1520.08,1494.88,1515.99,479813638
2013-03-01,1515.99,1525.34,1514.46,1514.68,735425945
2013-03-02,1514.68,1519.99,1501.48,1518.2,522709592
2013-03-05,1518.2,1525.27,1512.29,1525.2,490188027
2013-03-06,1525.2,1543.47,1525.2,1539.79,499572045
2013-03-07,1539.79,1545.25,1538.11,1541.46,490727321
2013-03-08,1541.46,1545.78,1541.46,1544.26,489028320
2013-03-09,1544.26,1552.48,1542.94,1551.18,479459646
2013-03-12,1551.15,1556.27,1547.36,1556.22,437760770
2013-03-13,1556.22,1556.77,1548.24,1552.48,457795472
2013-03-14,1552.48,1556.39,1548.25,1554.52,409149242
2013-03-15,1554.52,1563.32,1554.52,1563.23,494834440
2013-03-16,1563.21,1563.62,1555.74,1560.7,1426617664
2013-03-19,1560.7,1560.7,1545.13,1552.1,495349239
2013-03-20,1552.1,1557.25,1538.57,1548.34,535005762
2013-03-21,1548.34,1561.56,1548.34,1558.71,499141513
2013-03-22,1558.71,1558.71,1543.55,1545.8,505315227
2013-03-23,1545.9,1557.74,1545.9,1556.89,491219513
2013-03-26,1556.89,1564.91,1546.22,1551.69,522845791
2013-03-27,1551.69,1563.95,1551.69,1563.77,404453361
2013-03-28,1563.75,1564.07,1551.9,1562.85,407533906
2013-03-29,1562.86,1570.28,1561.08,1569.19,661078345
2013-04-02,1569.18,1570.57,1558.47,1562.17,413574633
2013-04-03,1562.17,1573.66,1562.17,1570.25,462829254
2013-04-04,1570.25,1571.47,1549.8,1553.69,576828085
2013-04-05,1553.69,1562.6,1552.52,1559.98,471727792
2013-04-06,1559.98,1559.98,1539.5,1553.28,547925571
2013-04-09,1553.26,1563.07,1548.63,1563.07,448688780
2013-04-10,1563.11,1573.89,1560.92,1568.61,511134163
2013-04-11,1568.61,1589.07,1568.61,1587.73,510781746
2013-04-12,1587.73,1597.35,1586.17,1593.37,521191405
2013-04-13,1593.3,1593.3,1579.97,1588.85,529328351
2013-04-16,1588.84,1588.84,1552.28,1552.36,703753977
2013-04-17,1552.36,1575.35,1552.36,1574.57,548572474
2013-04-18,1574.57,1574.57,1543.69,1552.01,673253748
2013-04-19,1552.03,1554.38,1536.03,1541.61,615946809
2013-04-20,1541.61,1555.89,1539.4,1555.25,779256975
2013-04-23,1555.25,1565.55,1548.19,1562.5,509229661
2013-04-24,1562.5,1579.58,1562.5,1578.78,540531533
2013-04-25,1578.78,1583.0,1575.8,1578.79,562507741
2013-04-26,1578.93,1592.64,1578.93,1585.16,577887141
2013-04-27,1585.16,1585.78,1577.56,1582.24,543973868
2013-04-30,1582.34,1596.65,1582.34,1593.61,445706449
2013-05-01,1593.58,1597.57,1586.5,1597.57,669424591
2013-05-02,1597.55,1597.55,1581.28,1582.7,506555141
2013-05-03,1582.77,1598.6,1582.77,1597.59,457002297
2013-05-04,1597.6,1618.46,1597.6,1614.42,519254290
2013-05-07,1614.4,1619.77,1614.21,1617.5,469344916
2013-05-08,1617.55,1626.03,1616.64,1625.96,468629681
2013-05-09,1625.95,1632.78,1622.7,1632.69,497363362
2013-05-10,1632.69,1635.01,1623.09,1626.67,474292547
2013-05-11,1626.69,1633.7,1623.71,1633.7,463329504
2013-05-14,1632.1,1636.0,1626.74,1633.77,442421814
2013-05-15,1633.75,1651.1,1633.75,1650.34,518094775
2013-05-16,1649.13,1661.49,1646.68,1658.78,528246126
2013-05-17,1658.07,1660.51,1648.6,1650.47,548320441
2013-05-18,1652.45,1667.47,1652.45,1667.47,706870623
2013-05-21,1665.71,1672.84,1663.52,1666.29,476358866
2013-05-22,1666.2,1674.93,1662.67,1669.16,502430237
2013-05-23,1669.39,1687.18,1648.86,1655.35,671305164
2013-05-24,1651.62,1655.5,1636.42,1650.51,593566635
2013-05-25,1646.67,1649.78,1636.88,1649.6,438657692
2013-05-29,1652.63,1674.21,1652.63,1660.06,541921649
2013-05-30,1656.57,1656.57,1640.05,1648.36,497996151
2013-05-31,1649.14,1661.91,1648.61,1654.41,516664062
2013-06-01,1652.13,1658.99,1630.74,1630.74,856567862
2013-06-04,1631.71,1640.42,1622.72,1640.42,601528209
2013-06-05,1640.73,1646.53,1623.62,1631.38,558108009
2013-06-06,1629.05,1629.31,1607.09,1608.9,563821166
2013-06-07,1609.29,1622.56,1598.23,1622.56,603290950
2013-06-08,1625.27,1644.4,1625.27,1643.38,576780513
2013-06-11,1644.67,1648.69,1639.26,1642.81,434288257
2013-06-12,1638.64,1640.13,1622.92,1626.13,487178556
2013-06-13,1629.94,1637.71,1610.92,1612.52,488081341
2013-06-14,1612.15,1639.25,1608.07,1636.36,501745992
2013-06-15,1635.52,1640.8,1623.96,1626.73,449329656
2013-06-18,1630.64,1646.5,1630.34,1639.04,510038539
2013-06-19,1639.77,1654.19,1639.77,1651.81,461272711
2013-06-20,1651.83,1652.45,1628.91,1628.93,555541474
2013-06-21,1624.62,1624.62,1584.32,1588.19,768032499
2013-06-22,1588.62,1599.19,1577.7,1592.43,1507584988
2013-06-25,1588.77,1588.77,1560.33,1573.09,670781960
2013-06-26,1577.52,1593.79,1577.09,1588.03,591516776
2013-06-27,1592.27,1606.83,1592.27,1603.26,559626294
2013-06-28,1606.44,1620.07,1606.44,1613.2,510156894
2013-06-29,1611.12,1615.94,1601.06,1606.28,1063673872
2013-07-02,1609.78,1626.61,1609.78,1614.96,518229450
2013-07-03,1614.29,1624.26,1606.77,1614.08,520740703
2013-07-04,1611.48,1618.97,1604.57,1615.41,299429447
2013-07-06,1618.65,1632.07,1614.71,1631.89,422677488
2013-07-09,1634.2,1644.68,1634.2,1640.46,734963287
2013-07-10,1642.89,1654.18,1642.89,1652.32,507487363
2013-07-11,1651.56,1657.92,1647.66,1652.62,498099259
2013-07-12,1657.41,1676.63,1657.41,1675.02,554747454
2013-07-13,1675.26,1680.19,1672.33,1680.19,575988207
2013-07-16,1679.59,1684.51,1677.89,1682.5,414407779
2013-07-17,1682.7,1683.73,1671.84,1676.26,453247031
2013-07-18,1677.91,1684.75,1677.91,1680.91,497826157
2013-07-19,1681.05,1693.12,1681.05,1689.37,510857380
2013-07-20,1686.15,1692.09,1684.08,1692.09,754883734
2013-07-23,1694.41,1697.61,1690.67,1695.53,465020227
2013-07-24,1696.63,1698.78,1691.13,1692.39,438286642
2013-07-25,1696.06,1698.38,1682.57,1685.94,513599098
2013-07-26,1685.21,1690.94,1680.07,1690.25,501448525
2013-07-27,1687.31,1691.85,1676.03,1691.65,457342462
2013-07-30,1690.32,1690.92,1681.86,1685.33,411188572
2013-07-31,1687.92,1693.19,1682.42,1685.96,492159537
2013-08-01,1687.76,1698.43,1684.94,1685.73,649043003
2013-08-02,1689.42,1707.85,1689.42,1706.87,520234621
2013-08-03,1706.1,1709.67,1700.68,1709.67,494195191
2013-08-06,1708.01,1709.24,1703.55,1707.14,363477505
2013-08-07,1705.79,1705.79,1693.29,1697.37,446352879
2013-08-08,1695.3,1695.3,1684.91,1690.91,438513092
2013-08-09,1693.35,1700.18,1688.38,1697.48,446999022
2013-08-10,1696.1,1699.42,1686.02,1691.42,403394822
2013-08-13,1688.37,1691.49,1683.35,1689.47,369592978
2013-08-14,1690.65,1696.81,1682.62,1694.16,402378943
2013-08-15,1693.88,1695.52,1684.83,1685.39,409585650
2013-08-16,1679.61,1679.61,1658.59,1661.32,499350550
2013-08-17,1661.22,1663.6,1652.61,1655.83,639131548
2013-08-20,1655.25,1659.18,1645.84,1646.06,433606609
2013-08-21,1646.81,1658.92,1646.08,1652.35,428046238
2013-08-22,1650.66,1656.99,1639.43,1642.8,473475362
2013-08-23,1645.03,1659.55,1645.03,1656.96,623231864
2013-08-24,1659.92,1664.85,1654.81,1663.5,444289986
2013-08-27,1664.29,1669.51,1656.02,1656.78,409042111
2013-08-28,1652.54,1652.54,1629.05,1630.48,494832183
2013-08-29,1630.25,1641.18,1627.47,1634.96,430462905
2013-08-30,1633.5,1646.41,1630.88,1638.17,378212498
2013-08-31,1638.89,1640.08,1628.05,1632.97,531583597
2013-09-04,1635.95,1651.35,1633.41,1639.77,513959942
2013-09-05,1640.72,1655.72,1637.41,1653.08,524195755
2013-09-06,1653.28,1659.17,1653.07,1655.08,428637954
2013-09-07,1657.44,1664.83,1640.62,1655.17,484449018
2013-09-10,1656.85,1672.4,1656.85,1671.71,423765635
2013-09-11,1674.32,1684.09,1674.32,1683.99,489085437
2013-09-12,1681.04,1689.13,1678.7,1689.13,476835988
2013-09-13,1689.21,1689.97,1681.96,1683.42,441994478
2013-09-14,1685.04,1688.73,1682.22,1687.99,384106749
2013-09-17,1691.7,1704.95,1691.7,1697.6,446946320
2013-09-18,1697.73,1705.52,1697.73,1704.76,416785188
2013-09-19,1705.74,1729.44,1700.35,1725.52,568125672
2013-09-20,1727.34,1729.86,1720.2,1722.34,504375140
2013-09-21,1722.44,1725.23,1708.89,1709.91,1373852050
2013-09-24,1711.44,1711.44,1697.1,1701.84,501457903
2013-09-25,1702.6,1707.63,1694.9,1697.42,489428674
2013-09-26,1698.02,1701.71,1691.88,1692.77,460818212
2013-09-27,1694.05,1703.85,1693.11,1698.67,408875905
2013-09-28,1695.52,1695.52,1687.11,1691.75,464569001
2013-10-01,1687.26,1687.26,1674.99,1681.55,605954775
2013-10-02,1682.41,1696.55,1682.07,1695.0,440246050
2013-10-03,1691.9,1693.87,1680.34,1693.87,467281473
2013-10-04,1692.35,1692.35,1670.36,1678.66,482093933
2013-10-05,1678.79,1691.94,1677.33,1690.5,421107853
2013-10-08,1687.15,1687.15,1674.7,1676.12,413591458
2013-10-09,1676.22,1676.79,1655.03,1655.45,537021222
2013-10-10,1656.99,1662.47,1646.47,1656.4,548555844
2013-10-11,1660.88,1692.56,1660.88,1692.56,533384858
2013-10-12,1691.09,1703.44,1688.52,1703.2,470002109
2013-10-15,1699.86,1711.03,1692.13,1710.14,410558923
2013-10-16,1709.17,1711.57,1695.93,1698.06,499721523
2013-10-17,1700.49,1721.76,1700.49,1721.54,507676510
2013-10-18,1720.17,1733.45,1714.12,1733.15,522976965
2013-10-19,1736.72,1745.31,1735.74,1744.5,685297196
2013-10-22,1745.2,1747.79,1740.67,1744.66,484953359
2013-10-23,1746.48,1759.33,1746.48,1754.67,556149959
2013-10-24,1752.27,1752.27,1740.5,1746.38,520475057
2013-10-25,1747.48,1753.94,1745.5,1752.07,512871213
2013-10-26,1756.01,1759.82,1752.45,1759.77,528512452
2013-10-29,1759.42,1764.99,1757.67,1762.11,564005006
2013-10-30,1762.93,1772.09,1762.93,1771.95,479777414
2013-10-31,1772.27,1775.22,1757.24,1763.31,469583982
2013-11-01,1763.24,1768.53,1755.72,1756.54,624290933
2013-11-02,1758.7,1765.67,1752.7,1761.64,538311992
2013-11-05,1763.4,1768.78,1761.56,1767.93,420024234
2013-11-06,1765.67,1767.03,1755.76,1762.97,477732529
2013-11-07,1765.0,1773.74,1764.4,1770.49,492661917
2013-11-08,1770.74,1774.54,1746.2,1747.15,590009364
2013-11-09,1748.37,1770.78,1747.63,1770.61,564637206
2013-11-12,1769.96,1773.44,1767.85,1771.89,376761682
2013-11-13,1769.51,1771.78,1762.29,1767.69,444458294
2013-11-14,1764.37,1782.0,1760.64,1782.0,505308686
2013-11-15,1782.75,1791.53,1780.22,1790.62,509930739
2013-11-16,1790.66,1798.22,1790.66,1798.18,656776434
2013-11-19,1798.82,1802.33,1788.0,1791.53,482498124
2013-11-20,1790.79,1795.51,1784.72,1787.87,459569249
2013-11-21,1789.59,1795.73,1777.23,1781.37,461741485
2013-11-22,1783.52,1797.16,1783.52,1795.85,479361861
2013-11-23,1797.21,1804.84,1794.7,1804.76,439915212
2013-11-26,1806.33,1808.1,1800.58,1802.48,471349504
2013-11-27,1802.87,1808.42,1800.77,1802.75,558535052
2013-11-28,1803.48,1808.27,1802.77,1807.23,372649677
2013-11-30,1808.69,1813.55,1803.98,1805.81,353098311
2013-12-03,1806.55,1810.02,1798.6,1800.9,461947164
2013-12-04,1800.1,1800.1,1787.85,1795.15,525408260
2013-12-05,1793.15,1799.8,1779.09,1792.81,573025413
2013-12-06,1792.82,1792.82,1783.38,1785.03,556844304
2013-12-07,1788.36,1806.04,1788.36,1805.09,499811717
2013-12-10,1806.21,1811.52,1806.21,1808.37,485615305
2013-12-11,1807.6,1808.52,1801.75,1802.62,464118242
2013-12-12,1802.76,1802.97,1780.09,1782.22,545718357
2013-12-13,1781.71,1782.99,1772.28,1775.5,516063303
2013-12-14,1777.98,1780.92,1772.45,1775.32,440291152
2013-12-17,1777.48,1792.22,1777.48,1786.54,529194432
2013-12-18,1786.47,1786.77,1777.05,1781.0,506318970
2013-12-19,1781.46,1811.08,1767.99,1810.65,690180365
2013-12-20,1809.0,1810.88,1801.35,1809.6,510586651
2013-12-21,1810.39,1823.75,1810.25,1818.32,1387107453
2013-12-24,1822.92,1829.75,1822.92,1827.99,433647344
2013-12-25,1828.02,1833.32,1828.02,1833.32,183931624
2013-12-27,1834.96,1842.84,1834.96,1842.02,293273352
2013-12-28,1842.97,1844.89,1839.81,1841.4,269984856
2013-12-31,1841.47,1842.47,1838.77,1841.07,301816771
2014-01-01,1842.61,1849.44,1842.41,1848.36,393922036
2014-01-03,1845.86,1845.86,1827.74,1831.98,446076890
2014-01-04,1833.21,1838.24,1829.13,1831.37,387737913
2014-01-07,1832.31,1837.16,1823.73,1826.77,491156690
2014-01-08,1828.71,1840.1,1828.71,1837.88,496528166
2014-01-09,1837.9,1840.02,1831.4,1837.49,576758133
2014-01-10,1839.0,1843.23,1830.38,1838.13,520632513
2014-01-11,1840.06,1843.15,1832.43,1842.37,486021929
2014-01-14,1841.26,1843.45,1815.52,1819.2,574069139
2014-01-15,1821.36,1839.26,1821.36,1838.88,510487384
2014-01-16,1840.52,1850.84,1840.52,1848.38,556881209
2014-01-17,1847.99,1847.99,1840.3,1845.89,473037269
2014-01-18,1844.23,1846.04,1835.23,1838.7,806647919
2014-01-22,1841.05,1849.31,1832.38,1843.8,594305066
2014-01-23,1844.71,1846.87,1840.88,1844.86,500007322
2014-01-24,1842.29,1842.29,1820.06,1828.46,581097348
2014-01-25,1826.96,1826.96,1790.29,1790.29,711185331
2014-01-28,1791.03,1795.98,1772.88,1781.56,631898883
2014-01-29,1783.0,1793.87,1779.49,1792.5,494782437
2014-01-30,1790.15,1790.15,1770.45,1774.2,601114889
2014-01-31,1777.17,1798.77,1777.17,1794.19,545041082
2014-02-01,1790.88,1793.88,1772.26,1782.59,755380061
2014-02-04,1782.68,1784.83,1739.66,1741.89,744277160
2014-02-05,1743.82,1758.73,1743.82,1755.2,620707857
2014-02-06,1753.38,1755.79,1737.92,1751.64,578631983
2014-02-07,1752.99,1774.06,1752.99,1773.43,561418384
2014-02-08,1776.01,1798.03,1776.01,1797.02,589310959
2014-02-11,1796.2,1799.94,1791.83,1799.84,485826474
2014-02-12,1800.45,1823.54,1800.41,1819.75,532935315
2014-02-13,1820.12,1826.55,1815.97,1819.26,483526499
2014-02-14,1814.82,1830.25,1809.22,1829.83,534755356
2014-02-15,1828.46,1841.65,1825.59,1838.63,488468773
2014-02-19,1839.03,1842.87,1835.01,1840.76,538004458
2014-02-20,1838.9,1847.5,1826.99,1828.75,516752864
2014-02-21,1829.24,1842.79,1824.58,1839.78,512917477
2014-02-22,1841.07,1846.13,1835.6,1836.25,673576385
2014-02-25,1836.78,1858.71,1836.78,1847.61,694457178
2014-02-26,1847.66,1852.91,1840.19,1845.12,498266385
2014-02-27,1845.79,1852.65,1840.66,1845.16,493821506
2014-02-28,1844.9,1854.53,1841.13,1854.29,506493789
2014-03-01,1855.12,1867.92,1847.67,1859.45,716526988
2014-03-04,1857.68,1857.68,1834.44,1845.73,498458211
2014-03-05,1849.23,1876.23,1849.23,1873.91,544441906
2014-03-06,1874.05,1876.53,1871.11,1873.81,482066998
2014-03-07,1874.18,1881.94,1874.18,1877.03,498566077
2014-03-08,1878.52,1883.57,1870.56,1878.04,497040706
2014-03-11,1877.86,1877.87,1867.04,1877.17,430738722
2014-03-12,1878.26,1882.35,1863.88,1867.63,442986543
2014-03-13,1866.15,1868.38,1854.38,1868.2,449370547
2014-03-14,1869.06,1874.4,1841.86,1846.34,512753125
2014-03-15,1845.07,1852.44,1839.57,1841.13,491443762
2014-03-18,1842.81,1862.3,1842.81,1858.83,452592693
2014-03-19,1858.92,1873.76,1858.92,1872.25,408703209
2014-03-20,1872.25,1874.14,1850.35,1860.77,499477479
2014-03-21,1860.09,1873.49,1854.63,1872.01,467186484
2014-03-22,1874.53,1883.97,1863.46,1866.52,1546978295
2014-03-25,1867.67,1873.34,1849.69,1857.44,588008930
2014-03-26,1859.48,1871.87,1855.96,1865.62,491561997
2014-03-27,1867.09,1875.92,1852.56,1852.56,557827135
2014-03-28,1852.11,1855.55,1842.11,1849.04,583008429
2014-03-29,1850.07,1866.63,1850.07,1857.62,453538162
2014-04-01,1859.16,1875.18,1859.16,1872.34,577814815
2014-04-02,1873.96,1885.84,1873.96,1885.52,517337094
2014-04-03,1886.61,1893.17,1883.79,1890.9,465008732
2014-04-04,1891.43,1893.8,1882.65,1888.77,486951242
2014-04-05,1890.25,1897.28,1863.26,1865.09,638969604
2014-04-08,1863.92,1864.04,1841.48,1845.04,658210321
2014-04-09,1845.48,1854.95,1837.49,1851.96,552300967
2014-04-10,1852.64,1872.43,1852.38,1872.18,528286495
2014-04-11,1872.28,1872.53,1830.87,1833.08,636878418
2014-04-12,1830.65,1835.07,1814.36,1815.69,662182271
2014-04-15,1818.18,1834.19,1815.8,1830.61,524945814
2014-04-16,1831.45,1844.02,1816.29,1842.98,591857217
2014-04-17,1846.01,1862.31,1846.01,1862.31,536608381
2014-04-18,1861.73,1869.63,1856.72,1864.85,665681444
2014-04-22,1865.79,1871.89,1863.18,1871.89,445573609
2014-04-23,1872.57,1884.89,1872.57,1879.55,492961324
2014-04-24,1879.32,1879.75,1873.91,1875.39,477805705
2014-04-25,1881.97,1884.06,1870.24,1878.61,523936662
2014-04-26,1877.72,1877.72,1859.7,1863.4,526707398
2014-04-29,1865.0,1877.01,1850.61,1869.43,644490866
2014-04-30,1870.78,1880.6,1870.78,1878.33,489827927
2014-05-01,1877.1,1885.2,1872.69,1883.95,629090940
2014-05-02,1884.39,1888.59,1878.04,1883.68,468010160
2014-05-03,1885.3,1891.33,1878.5,1881.14,463670006
2014-05-06,1879.45,1885.51,1866.77,1884.66,417770456
2014-05-07,1883.69,1883.69,1867.72,1867.72,474484454
2014-05-08,1868.53,1878.83,1859.79,1878.21,563540793
2014-05-09,1877.39,1889.07,1870.05,1875.63,488608986
2014-05-10,1875.27,1878.57,1867.02,1878.48,473573782
2014-05-13,1880.03,1897.13,1880.03,1896.65,448903761
2014-05-14,1896.75,1902.17,1896.06,1897.45,418340875
2014-05-15,1897.13,1897.13,1885.77,1888.53,422048317
2014-05-16,1888.16,1888.16,1862.36,1870.85,547161731
2014-05-17,1871.19,1878.28,1864.82,1877.86,624155555
2014-05-20,1876.66,1886.0,1872.42,1885.08,433389990
2014-05-21,1884.88,1884.88,1868.14,1872.83,434975819
2014-05-22,1873.34,1888.8,1873.34,1888.03,410778045
2014-05-23,1888.19,1896.33,1885.39,1892.49,385630413
2014-05-24,1893.32,1901.26,1893.32,1900.53,373480792
2014-05-28,1902.01,1912.28,1902.01,1911.91,469659768
2014-05-29,1911.77,1914.46,1907.3,1909.78,408919016
2014-05-30,1910.6,1920.03,1909.82,1920.03,371597536
2014-05-31,1920.33,1924.03,1916.64,1923.57,600492470
2014-06-03,1923.87,1925.88,1915.98,1924.97,376846469
2014-06-04,1923.07,1925.07,1918.79,1924.24,414841285
2014-06-05,1923.06,1928.63,1918.6,1927.88,403725654
2014-06-06,1928.52,1941.74,1922.93,1940.46,431125075
2014-06-07,1942.41,1949.44,1942.41,1949.44,445161606
2014-06-10,1948.97,1955.55,1947.16,1951.27,422431624
2014-06-11,1950.34,1950.86,1944.64,1950.79,405664186
2014-06-12,1949.37,1949.37,1940.08,1943.89,387283719
2014-06-13,1943.35,1943.35,1925.78,1930.11,459956146
2014-06-14,1930.8,1937.3,1927.69,1936.16,445392285
2014-06-17,1934.84,1941.15,1930.91,1937.78,437288634
2014-06-18,1937.15,1943.69,1933.55,1941.99,405863064
2014-06-19,1942.73,1957.74,1939.29,1956.98,436454870
2014-06-20,1957.5,1959.87,1952.26,1959.48,476002520
2014-06-21,1960.45,1963.91,1959.17,1962.87,1209685149
2014-06-24,1962.92,1963.74,1958.89,1962.61,411854618
2014-06-25,1961.97,1968.17,1948.34,1949.98,482070052
2014-06-26,1949.27,1960.83,1947.49,1959.53,455366217
2014-06-27,1959.89,1959.89,1944.69,1957.22,404542402
2014-06-28,1956.56,1961.47,1952.18,1960.96,736991948
2014-07-01,1960.79,1964.24,1958.22,1960.23,527459777
2014-07-02,1962.29,1978.58,1962.29,1973.32,438761391
2014-07-03,1973.06,1976.67,1972.58,1974.62,386021127
2014-07-04,1975.88,1985.59,1975.88,1985.44,366541191
2014-07-08,1984.22,1984.22,1974.88,1977.65,399491515
2014-07-09,1976.39,1976.39,1959.46,1963.71,482721915
2014-07-10,1965.1,1974.15,1965.1,1972.83,414872389
2014-07-11,1966.67,1969.84,1952.86,1964.68,417456957
2014-07-12,1965.76,1968.67,1959.63,1967.57,375548761
2014-07-15,1969.86,1979.85,1969.86,1977.1,398064106
2014-07-16,1977.36,1982.52,1965.34,1973.28,544581519
2014-07-17,1976.35,1983.94,1975.67,1981.57,517539723
2014-07-18,1979.75,1981.8,1955.59,1958.12,541630260
2014-07-19,1961.54,1979.91,1960.82,1978.22,582965973
2014-07-22,1976.93,1976.93,1965.77,1973.63,397417585
2014-07-23,1975.65,1986.24,1975.65,1983.53,425726762
2014-07-24,1985.32,1989.23,1982.44,1987.01,468319122
2014-07-25,1988.07,1991.39,1985.79,1987.98,471603725
2014-07-26,1984.6,1984.6,1974.37,1978.34,414635733
2014-07-29,1978.25,1981.52,1967.31,1978.91,436388191
2014-07-30,1980.03,1984.85,1969.95,1969.95,492838802
2014-07-31,1973.21,1978.9,1962.42,1970.07,476985409
2014-08-01,1965.14,1965.14,1930.67,1930.67,623629847
2014-08-02,1929.8,1937.35,1916.37,1925.15,519200939
2014-08-05,1926.62,1942.92,1921.2,1938.99,468874902
2014-08-06,1936.34,1936.34,1913.77,1920.21,500527836
2014-08-07,1917.29,1927.91,1911.45,1920.24,488369233
2014-08-08,1923.03,1928.89,1904.78,1909.57,474067876
2014-08-09,1910.35,1932.38,1909.01,1931.59,456088503
2014-08-12,1933.43,1944.9,1933.43,1936.92,399490717
2014-08-13,1935.73,1939.65,1928.29,1933.75,352024097
2014-08-14,1935.6,1948.41,1935.6,1946.72,368395987
2014-08-15,1947.41,1955.23,1947.41,1955.18,322147247
2014-08-16,1958.87,1964.04,1941.5,1955.06,599550669
2014-08-19,1958.36,1971.99,1958.36,1971.74,422144586
2014-08-20,1972.73,1982.57,1972.73,1981.6,393523737
2014-08-21,1980.46,1988.57,1977.68,1986.51,378232246
2014-08-22,1986.82,1994.76,1986.82,1992.37,395027171
2014-08-23,1992.6,1993.54,1984.76,1988.4,377872101
2014-08-26,1991.74,2001.95,1991.74,1997.92,336826978
2014-08-27,1998.59,2005.04,1998.59,2000.02,314079664
2014-08-28,2000.54,2002.14,1996.2,2000.12,342143621
2014-08-29,1997.42,1998.55,1990.52,1996.74,315882057
2014-08-30,1998.45,2003.38,1994.65,2003.37,425023584
2014-09-03,2004.07,2006.12,1994.85,2002.28,399418982
2014-09-04,2003.57,2009.28,1998.14,2000.72,396734423
2014-09-05,2001.67,2011.17,1992.54,1997.65,426756455
2014-09-06,1998.0,2007.71,1990.1,2007.71,450560505
2014-09-09,2007.17,2007.17,1995.6,2001.54,411969635
2014-09-10,2000.73,2001.01,1984.61,1988.44,450978034
2014-09-11,1988.41,1996.66,1982.99,1995.69,427131068
2014-09-12,1992.85,1997.65,1985.93,1997.45,399776752
2014-09-13,1996.74,1996.74,1980.26,1985.54,500131371
2014-09-16,1986.04,1987.18,1978.48,1984.13,433853454
2014-09-17,1981.93,2002.28,1979.06,1998.98,441783387
2014-09-18,1999.3,2010.74,1993.29,2001.57,478418443
2014-09-19,2003.07,2012.34,2003.07,2011.36,475880094
2014-09-20,2012.74,2019.26,2006.59,2010.4,1399699724
2014-09-23,2009.08,2009.08,1991.01,1994.29,474795518
2014-09-24,1992.78,1995.41,1982.77,1982.77,483710943
2014-09-25,1983.34,1999.79,1978.63,1998.3,486044931
2014-09-26,1997.32,1997.32,1965.99,1965.99,526199205
2014-09-27,1966.22,1986.37,1966.22,1982.85,436267551
2014-09-30,1978.96,1981.28,1964.04,1977.8,421744398
2014-10-01,1978.21,1985.17,1968.96,1972.29,590851188
2014-10-02,1971.44,1971.44,1941.72,1946.16,585264771
2014-10-03,1945.83,1952.32,1926.03,1946.17,513088582
2014-10-04,1948.12,1971.19,1948.12,1967.9,544389960
2014-10-07,1970.01,1977.84,1958.43,1964.82,433672126
2014-10-08,1962.36,1962.36,1934.87,1935.1,519127994
2014-10-09,1935.55,1970.36,1925.25,1968.89,610653643
2014-10-10,1967.68,1967.68,1927.56,1928.21,604573274
2014-10-11,1925.63,1936.98,1906.05,1906.13,757485255
2014-10-14,1905.65,1912.09,1874.14,1874.74,670484943
2014-10-15,1877.11,1898.71,1871.79,1877.7,689430628
2014-10-16,1874.18,1874.18,1820.66,1862.49,926524554
2014-10-17,1855.95,1876.01,1835.02,1862.76,795956016
2014-10-18,1864.91,1898.16,1864.91,1886.76,805007051
2014-10-21,1885.62,1905.03,1882.3,1904.01,529713276
2014-10-22,1909.38,1942.45,1909.38,1941.28,586162383
2014-10-23,1941.29,1949.31,1926.83,1927.11,601110569
2014-10-24,1931.02,1961.95,1931.02,1950.82,560099425
2014-10-25,1951.59,1965.27,1946.27,1964.58,499168426
2014-10-28,1962.97,1964.64,1951.37,1961.63,465869091
2014-10-29,1964.14,1985.05,1964.14,1985.05,514671119
2014-10-30,1983.29,1991.4,1969.04,1982.3,550834416
2014-10-31,1979.49,1999.4,1974.75,1994.65,512018532
2014-11-01,2001.2,2018.19,2001.2,2018.05,699250816
2014-11-04,2018.21,2024.46,2013.68,2017.81,495466739
2014-11-05,2015.81,2015.98,2001.01,2012.1,523652851
2014-11-06,2015.29,2023.77,2014.42,2023.57,511039356
2014-11-07,2023.33,2031.61,2015.86,2031.21,497882341
2014-11-08,2032.36,2034.26,2025.07,2031.92,507608749
2014-11-11,2032.01,2038.7,2030.17,2038.26,459544499
2014-11-12,2038.2,2041.28,2035.28,2039.68,379238644
2014-11-13,2037.75,2040.33,2031.95,2038.25,460474390
2014-11-14,2039.21,2046.18,2030.44,2039.33,470727367
2014-11-15,2039.74,2042.22,2035.2,2039.82,447822912
2014-11-18,2038.29,2043.07,2034.46,2041.32,466017653
2014-11-19,2041.48,2056.08,2041.48,2051.8,465627362
2014-11-20,2051.16,2052.14,2040.37,2048.72,456780186
2014-11-21,2045.87,2053.84,2040.49,2052.75,444963436
2014-11-22,2057.46,2071.46,2056.75,2063.5,725438125
2014-11-25,2065.07,2070.17,2065.07,2069.41,483152010
2014-11-26,2070.15,2074.21,2064.75,2067.03,587165767
2014-11-27,2067.36,2073.29,2066.62,2072.83,510052002
2014-11-29,2074.78,2075.76,2065.06,2067.56,411804569
2014-12-02,2065.78,2065.78,2049.57,2053.44,547609771
2014-12-03,2053.77,2068.77,2053.77,2066.55,498400851
2014-12-04,2067.45,2076.28,2066.65,2074.33,536333828
2014-12-05,2073.64,2077.34,2062.34,2071.92,495739307
2014-12-06,2072.78,2079.47,2070.81,2075.37,492974286
2014-12-09,2074.84,2075.78,2054.27,2060.31,547803660
2014-12-10,2056.55,2060.6,2034.17,2059.82,530054668
2014-12-11,2058.86,2058.86,2024.26,2026.14,619378717
2014-12-12,2027.92,2055.53,2027.92,2035.33,527529075
2014-12-13,2030.36,2032.25,2002.33,2002.33,657438085
2014-12-16,2005.03,2018.69,1982.26,1989.63,670000872
2014-12-17,1986.71,2016.89,1972.56,1972.74,690265228
2014-12-18,1973.77,2016.75,1973.77,2012.89,658790571
2014-12-19,2018.98,2061.23,2018.98,2061.23,667228778
2014-12-20,2061.04,2077.85,2061.03,2070.65,1633999743
2014-12-23,2069.28,2078.76,2069.28,2078.54,550803963
2014-12-24,2081.48,2086.73,2079.77,2082.17,473272321
2014-12-25,2083.25,2087.56,2081.86,2081.88,224945658
2014-12-27,2084.3,2092.7,2084.3,2088.77,286785411
2014-12-30,2087.63,2093.55,2085.75,2090.57,331932588
2014-12-31,2088.49,2088.49,2079.53,2080.35,307732134
2015-01-01,2082.11,2085.58,2057.94,2058.9,415223765
2015-01-03,2058.9,2072.36,2046.04,2058.2,426937581
2015-01-06,2054.44,2054.44,2017.34,2020.58,611506858
2015-01-07,2022.15,2030.25,1992.44,2002.61,628224413
2015-01-08,2005.55,2029.61,2005.55,2025.9,538478740
2015-01-09,2030.61,2064.08,2030.61,2062.14,604827987
2015-01-10,2063.45,2064.43,2038.33,2044.81,503887901
2015-01-13,2046.13,2049.3,2022.58,2028.26,536631269
2015-01-14,2031.58,2056.93,2008.25,2023.03,610182246
2015-01-15,2018.4,2018.4,1988.44,2011.27,673001114
2015-01-16,2013.75,2021.35,1991.47,1992.67,608258039
2015-01-17,1992.25,2020.46,1988.12,2019.42,731828339
2015-01-21,2020.76,2028.94,2004.49,2022.55,605394244
2015-01-22,2020.19,2038.29,2012.04,2032.12,538996626
2015-01-23,2034.3,2064.62,2026.38,2063.15,643547837
2015-01-24,2062.98,2062.98,2050.54,2051.82,535455933
2015-01-27,2050.42,2057.62,2040.97,2057.09,525986275
2015-01-28,2047.86,2047.86,2019.91,2029.55,562176423
2015-01-29,2032.34,2042.49,2001.49,2002.16,648480471
2015-01-30,2002.45,2024.64,1989.18,2021.25,620130124
2015-01-31,2019.35,2023.32,1993.38,1994.99,893217502
2015-02-03,1996.67,2021.66,1980.9,2020.85,637708675
2015-02-04,2022.71,2050.3,2022.71,2050.03,658300755
2015-02-05,2048.86,2054.74,2036.72,2041.51,638853840
2015-02-06,2043.45,2063.55,2043.45,2062.52,532688569
2015-02-07,2062.28,2072.4,2049.97,2055.47,590733024
2015-02-10,2053.47,2056.16,2041.88,2046.74,502321634
2015-02-11,2049.38,2070.86,2048.62,2068.59,537838874
2015-02-12,2068.55,2073.48,2057.99,2068.53,502374735
2015-02-13,2069.98,2088.53,2069.98,2088.48,563402483
2015-02-14,2088.78,2097.03,2086.7,2096.99,501223065
2015-02-18,2096.47,2101.3,2089.8,2100.34,557220441
2015-02-19,2099.16,2100.23,2092.15,2099.68,458222878
2015-02-20,2099.25,2102.13,2090.79,2097.45,462240272
2015-02-21,2097.65,2110.61,2085.44,2110.3,621832126
2015-02-24,2109.83,2110.05,2103.0,2109.66,497016103
2015-02-25,2109.1,2117.94,2105.87,2115.48,499805150
2015-02-26,2115.3,2119.59,2109.89,2113.86,481020383
2015-02-27,2113.91,2113.91,2103.76,2110.74,504308836
2015-02-28,2110.88,2112.74,2103.75,2104.5,596556881
2015-03-03,2105.23,2117.52,2104.5,2117.39,516612174
2015-03-04,2115.76,2115.76,2098.26,2107.78,488593539
2015-03-05,2107.72,2107.72,2087.62,2098.53,489025555
2015-03-06,2098.54,2104.25,2095.22,2101.04,479611957
2015-03-07,2100.91,2100.91,2067.27,2071.26,654413604
2015-03-10,2072.25,2083.49,2072.21,2079.43,491672606
2015-03-11,2076.14,2076.14,2044.16,2044.16,618042903
2015-03-12,2044.69,2050.08,2039.69,2040.24,540138591
2015-03-13,2041.1,2066.41,2041.1,2065.95,541588132
2015-03-14,2064.56,2064.56,2041.17,2053.4,553445667
2015-03-17,2055.35,2081.41,2055.35,2081.19,541612324
2015-03-18,2080.59,2080.59,2065.08,2074.28,475714134
2015-03-19,2072.84,2106.85,2061.23,2099.5,628925946
2015-03-20,2098.69,2098.69,2085.56,2089.27,528262488
2015-03-21,2090.32,2113.92,2090.32,2108.1,1560822488
2015-03-24,2107.99,2114.86,2104.42,2104.42,500086465
2015-03-25,2103.94,2107.63,2091.5,2091.5,512610880
2015-03-26,2093.1,2097.43,2061.05,2061.05,582073426
2015-03-27,2059.94,2067.15,2045.5,2056.15,619686786
2015-03-28,2055.78,2062.83,2052.96,2061.02,537750961
2015-03-31,2064.11,2088.97,2064.11,2086.24,493690723
2015-04-01,2084.05,2084.05,2067.04,2067.89,663987797
2015-04-02,2067.63,2067.63,2048.38,2059.69,564988727
2015-04-03,2060.03,2072.17,2057.32,2066.96,484704255
2015-04-07,2064.87,2086.99,2056.52,2080.62,603791492
2015-04-08,2080.79,2089.81,2076.1,2076.33,436475554
2015-04-09,2076.94,2086.69,2073.3,2081.9,488249204
2015-04-10,2081.29,2093.31,2074.29,2091.18,473659522
2015-04-11,2091.51,2102.61,2091.51,2102.06,467375544
2015-04-14,2102.03,2107.65,2092.33,2092.43,489876530
2015-04-15,2092.28,2098.62,2083.24,2095.84,449838753
2015-04-16,2097.82,2111.91,2097.82,2106.63,561622715
2015-04-17,2105.96,2111.3,2100.02,2104.99,494694374
2015-04-18,2102.58,2102.58,2072.37,2081.18,661794713
2015-04-21,2084.11,2103.94,2084.11,2100.4,481863950
2015-04-22,2102.82,2109.64,2094.38,2097.29,485076830
2015-04-23,2098.27,2109.98,2091.05,2107.96,505662373
2015-04-24,2107.21,2120.49,2103.19,2112.93,566843506
2015-04-25,2112.8,2120.92,2112.8,2117.69,555376586
2015-04-28,2119.29,2125.92,2107.04,2108.92,590999229
2015-04-29,2108.35,2116.09,2094.89,2114.76,549650994
2015-04-30,2112.49,2113.65,2097.41,2106.85,550784916
2015-05-01,2105.52,2105.52,2077.59,2085.51,686082642
2015-05-02,2087.38,2108.41,2087.38,2108.29,509568789
2015-05-05,2110.23,2120.95,2110.23,2114.49,458688406
2015-05-06,2112.63,2115.24,2088.46,2089.46,532113899
2015-05-07,2091.26,2098.42,2067.93,2080.15,552153155
2015-05-08,2079.96,2092.9,2074.99,2088.0,523758356
2015-05-09,2092.13,2117.66,2092.13,2116.1,524517688
2015-05-12,2115.56,2117.69,2104.58,2105.33,467022504
2015-05-13,2102.87,2105.06,2085.57,2099.12,468682965
2015-05-14,2099.62,2110.19,2096.04,2098.48,473510272
2015-05-15,2100.43,2121.45,2100.43,2121.1,477949241
2015-05-16,2122.07,2123.89,2116.79,2122.73,609123759
2015-05-19,2121.3,2131.78,2120.01,2129.2,444239990
2015-05-20,2129.45,2133.02,2124.5,2127.83,493349176
2015-05-21,2127.79,2134.72,2122.59,2125.85,477723201
2015-05-22,2125.55,2134.28,2122.95,2130.82,468557139
2015-05-23,2130.36,2132.15,2126.06,2126.06,423419513
2015-05-27,2125.34,2125.34,2099.18,2104.2,557833108
2015-05-28,2105.13,2126.22,2105.13,2123.48,511248450
2015-05-29,2122.27,2122.27,2112.86,2120.79,434135669
2015-05-30,2120.66,2120.66,2104.89,2107.39,760129761
2015-06-02,2108.64,2119.15,2102.54,2111.73,488083175
2015-06-03,2110.41,2117.59,2099.14,2109.6,471166195
2015-06-04,2110.64,2121.92,2109.61,2114.07,464527279
2015-06-05,2112.35,2112.89,2093.23,2095.84,521557720
2015-06-06,2095.09,2100.99,2085.67,2092.83,559311850
2015-06-09,2092.34,2093.01,2079.11,2079.28,488323296
2015-06-10,2079.07,2085.62,2072.14,2080.15,488823113
2015-06-11,2081.12,2108.5,2081.12,2105.2,507555252
2015-06-12,2106.24,2115.02,2106.24,2108.86,529774046
2015-06-13,2107.43,2107.43,2091.33,2094.11,449503626
2015-06-16,2091.34,2091.34,2072.49,2084.43,504787125
2015-06-17,2084.26,2097.4,2082.1,2096.29,410710293
2015-06-18,2097.4,2106.79,2088.86,2100.44,480805890
2015-06-19,2101.58,2126.65,2101.58,2121.24,544428661
2015-06-20,2121.03,2121.64,2109.38,2109.99,1255422639
2015-06-23,2112.5,2129.87,2112.5,2122.85,468228023
2015-06-24,2123.16,2128.03,2119.89,2124.2,453115170
2015-06-25,2123.33,2125.1,2108.58,2108.58,534019481
2015-06-26,2109.96,2116.04,2101.78,2102.31,494346810
2015-06-27,2102.62,2108.92,2095.38,2101.49,927539503
2015-06-30,2098.63,2098.63,2056.64,2057.64,586955148
2015-07-01,2061.19,2074.28,2056.32,2063.11,717671106
2015-07-02,2067.0,2082.78,2067.0,2077.42,531751257
2015-07-03,2078.03,2085.06,2071.02,2076.78,484440239
2015-07-07,2073.95,2078.61,2058.4,2068.76,586209073
2015-07-08,2069.52,2083.74,2044.02,2081.34,624382379
2015-07-09,2077.66,2077.66,2044.66,2046.68,372276830
2015-07-10,2049.73,2074.28,2049.73,2051.31,553570988
2015-07-11,2052.74,2081.31,2052.74,2076.62,487492213
2015-07-14,2080.03,2100.67,2080.03,2099.6,504047608
2015-07-15,2099.72,2111.98,2098.18,2108.95,501243649
2015-07-16,2109.01,2114.14,2102.49,2107.4,538810633
2015-07-17,2110.55,2124.42,2110.55,2124.29,531489666
2015-07-18,2126.8,2128.91,2119.88,2126.64,626055481
2015-07-21,2126.85,2132.82,2123.65,2128.28,498063871
2015-07-22,2127.55,2128.49,2115.4,2119.21,549092745
2015-07-23,2118.21,2118.51,2110.0,2114.15,604850316
2015-07-24,2114.16,2116.87,2098.63,2102.15,583756482
2015-07-25,2102.24,2106.01,2077.09,2079.65,622862924
2015-07-28,2078.19,2078.19,2063.52,2067.64,658424497
2015-07-30,2094.7,2110.6,2094.08,2108.57,568110723
2015-07-31,2106.78,2110.48,2094.97,2108.63,505302182
2015-08-01,2111.6,2114.24,2102.07,2103.84,639716945
2015-08-04,2104.49,2105.7,2087.31,2098.04,546235777
2015-08-05,2097.68,2102.51,2088.6,2093.32,545885014
2015-08-06,2095.27,2112.66,2095.27,2099.84,580780772
2015-08-07,2100.75,2103.32,2075.53,2083.56,611690579
2015-08-08,2082.61,2082.61,2067.91,2077.57,529686686
2015-08-11,2080.98,2105.35,2080.98,2104.18,536952747
2015-08-12,2102.66,2102.66,2076.49,2084.07,562080936
2015-08-13,2081.1,2089.06,2052.09,2086.05,632320464
2015-08-14,2086.19,2092.93,2078.26,2083.39,502475309
2015-08-15,2083.15,2092.45,2080.61,2091.54,448636523
2015-08-18,2089.7,2102.87,2079.3,2102.44,426042175
2015-08-19,2101.99,2103.47,2094.14,2096.92,444211630
2015-08-20,2095.69,2096.17,2070.53,2079.61,571231726
2015-08-21,2076.61,2076.61,2035.73,2035.73,674558060
2015-08-22,2034.08,2034.08,1970.89,1970.89,1064339747
2015-08-25,1965.15,1965.15,1867.01,1893.21,1333367963
2015-08-26,1898.08,1948.04,1867.08,1867.62,1051227010
2015-08-27,1872.75,1943.09,1872.75,1940.51,1028853758
2015-08-28,1942.77,1989.6,1942.77,1987.66,924187986
2015-08-29,1986.06,1993.48,1975.19,1988.87,723405976
2015-09-01,1986.73,1986.73,1965.98,1972.18,764714895
2015-09-02,1970.09,1970.09,1903.07,1913.85,870101241
2015-09-03,1916.52,1948.91,1916.52,1948.86,732787120
2015-09-04,1950.79,1975.01,1944.72,1951.13,632681962
2015-09-05,1947.76,1947.76,1911.21,1921.22,665449152
2015-09-09,1927.3,1970.42,1927.3,1969.41,683152885
2015-09-10,1971.45,1988.63,1937.88,1942.04,666963761
2015-09-11,1941.59,1965.29,1937.19,1952.29,668611570
2015-09-12,1951.45,1961.05,1939.19,1961.05,588994439
2015-09-15,1963.06,1963.06,1948.27,1953.03,546552646
2015-09-16,1955.1,1983.19,1954.3,1978.09,538189680
2015-09-17,1978.02,1997.26,1977.93,1995.31,592016371
2015-09-18,1995.33,2020.86,1986.73,1990.2,704645073
2015-09-19,1989.66,1989.66,1953.45,1958.08,1857431494
2015-09-22,1960.84,1979.64,1955.8,1966.97,570771913
2015-09-23,1961.39,1961.39,1929.22,1942.74,692573930
2015-09-24,1943.24,1949.52,1932.57,1938.76,505038279
2015-09-25,1934.81,1937.17,1908.92,1932.24,715083399
2015-09-26,1935.93,1952.89,1921.5,1931.34,691076672
2015-09-29,1929.18,1929.18,1879.21,1881.77,776030177
2015-09-30,1881.9,1899.48,1871.91,1884.09,735878664
2015-10-01,1887.14,1920.53,1887.14,1920.03,848493582
2015-10-02,1919.65,1927.21,1900.7,1923.82,676289177
2015-10-03,1921.77,1951.36,1893.7,1951.36,763213423
2015-10-06,1954.33,1989.17,1954.33,1987.05,725872947
2015-10-07,1986.63,1991.62,1971.99,1979.92,679775510
2015-10-08,1982.34,1999.31,1976.44,1995.83,735386749
2015-10-09,1994.01,2016.5,1987.53,2013.43,604478359
2015-10-10,2013.73,2020.13,2007.61,2014.89,623413655
2015-10-13,2015.65,2018.66,2010.55,2017.46,464133172
2015-10-14,2015.0,2022.34,2001.78,2003.69,566735134
2015-10-15,2003.66,2009.56,1990.73,1994.24,629580360
2015-10-16,1996.47,2024.15,1996.47,2023.86,670990277
2015-10-17,2024.37,2033.54,2020.46,2033.11,711438827
2015-10-20,2031.73,2034.45,2022.31,2033.66,600476924
2015-10-21,2033.13,2039.12,2026.61,2030.77,563655848
2015-10-22,2033.47,2037.97,2017.22,2018.94,610039020
2015-10-23,2021.88,2055.2,2021.88,2052.51,786028633
2015-10-24,2058.19,2079.74,2058.19,2075.15,745274175
2015-10-27,2075.08,2075.14,2066.53,2071.18,602320842
2015-10-28,2068.75,2070.37,2058.84,2065.89,648798726
2015-10-29,2066.48,2090.35,2063.11,2090.35,660701160
2015-10-30,2088.35,2092.52,2082.63,2089.41,549004658
2015-10-31,2090.0,2094.32,2079.34,2079.36,789030686
2015-11-03,2080.76,2106.2,2080.76,2104.05,579595250
2015-11-04,2102.63,2116.48,2097.51,2109.79,587935660
2015-11-05,2110.6,2114.59,2096.98,2102.31,614436669
2015-11-06,2101.68,2108.78,2090.41,2099.93,589540851
2015-11-07,2098.6,2101.91,2083.74,2099.2,661105431
2015-11-10,2096.56,2096.56,2068.24,2078.58,664843244
2015-11-11,2077.19,2083.67,2069.91,2081.72,564853747
2015-11-12,2083.41,2086.94,2074.85,2075.0,511658093
2015-11-13,2072.29,2072.29,2045.66,2045.97,573740014
2015-11-14,2044.64,2044.64,2022.02,2023.04,652845916
2015-11-17,2022.08,2053.22,2019.39,2053.19,607438938
2015-11-18,2053.67,2066.69,2045.9,2050.44,677180096
2015-11-19,2051.99,2085.31,2051.99,2083.58,608652201
2015-11-20,2083.7,2086.74,2078.76,2081.24,536851932
2015-11-21,2082.82,2097.06,2082.82,2089.17,689155469
2015-11-24,2089.41,2095.61,2081.39,2086.59,571410593
2015-11-25,2084.42,2094.12,2070.29,2089.14,607002856
2015-11-26,2089.3,2093.0,2086.3,2088.87,440227053
2015-11-28,2088.82,2093.29,2084.13,2090.11,240297214
2015-12-01,2090.95,2093.81,2080.41,2080.41,817945944
2015-12-02,2082.93,2103.37,2082.93,2102.63,591032968
2015-12-03,2101.71,2104.27,2077.11,2079.51,615257603
2015-12-04,2080.71,2085.0,2042.35,2049.62,749534853
2015-12-05,2051.24,2093.84,2051.24,2091.69,740000496
2015-12-08,2090.42,2090.42,2066.78,2077.07,639169032
2015-12-09,2073.39,2073.85,2052.32,2063.59,666623202
2015-12-10,2061.17,2080.33,2036.53,2047.62,719904950
2015-12-11,2047.93,2067.65,2045.67,2052.23,597997497
2015-12-12,2047.27,2047.27,2008.8,2012.37,718417683
2015-12-15,2013.37,2022.92,1993.26,2021.94,771568987
2015-12-16,2025.55,2053.87,2025.55,2043.41,689853132
2015-12-17,2046.5,2076.72,2042.43,2073.07,680651840
2015-12-18,2073.76,2076.37,2041.66,2041.89,646285876
2015-12-19,2040.81,2040.81,2005.33,2005.55,1811569213
2015-12-22,2010.27,2022.9,2005.93,2021.15,610294061
2015-12-23,2023.15,2042.74,2020.49,2038.97,546862689
2015-12-24,2042.2,2064.73,2042.2,2064.29,545191292
2015-12-25,2063.52,2067.36,2058.73,2060.99,250570206
2015-12-29,2057.77,2057.77,2044.2,2056.5,367737617
2015-12-30,2060.54,2081.56,2060.54,2078.36,379027946
2015-12-31,2077.34,2077.34,2061.97,2063.36,334631815
2016-01-01,2060.59,2062.54,2043.62,2043.94,482596709
2016-01-05,2038.2,2038.2,1989.68,2012.66,802047817
2016-01-06,2013.78,2021.94,2004.17,2016.71,619260483
2016-01-07,2011.71,2011.71,1979.05,1990.26,734820348
2016-01-08,1985.32,1985.32,1938.83,1943.09,860517477
2016-01-09,1945.97,1960.4,1918.46,1922.03,800798104
2016-01-12,1926.12,1935.65,1901.1,1923.67,775646469
2016-01-13,1927.83,1947.38,1914.35,1938.68,759189614
2016-01-14,1940.34,1950.33,1886.41,1890.28,874559799
2016-01-15,1891.68,1934.47,1878.93,1921.84,920170292
2016-01-16,1916.68,1916.68,1857.83,1880.29,1194777018
2016-01-20,1888.66,1901.44,1864.6,1881.33,876359950
2016-01-21,1876.18,1876.18,1812.29,1859.33,1078020540
2016-01-22,1861.46,1889.85,1848.98,1868.99,853549340
2016-01-23,1877.4,1908.85,1877.4,1906.9,809129145
2016-01-26,1906.28,1906.28,1875.97,1877.08,760929014
2016-01-27,1878.79,1906.73,1878.79,1903.63,695372344
2016-01-28,1902.52,1916.99,1872.7,1882.95,801306427
2016-01-29,1885.22,1902.96,1873.65,1893.36,819522643
2016-01-30,1894.0,1940.24,1894.0,1940.24,1218318112
2016-02-02,1936.94,1947.2,1920.3,1939.38,713982290
2016-02-03,1935.26,1935.26,1897.29,1903.03,787871195
2016-02-04,1907.07,1918.01,1872.23,1912.53,893685485
2016-02-05,1911.67,1927.35,1900.52,1915.45,865491350
2016-02-06,1913.07,1913.07,1872.65,1880.02,865850519
2016-02-09,1873.25,1873.25,1828.46,1853.44,1012876097
2016-02-10,1848.46,1868.25,1834.94,1852.21,847322028
2016-02-11,1857.1,1881.6,1850.32,1851.86,764859731
2016-02-12,1847.0,1847.0,1810.1,1829.08,959112627
2016-02-13,1833.4,1864.78,1833.4,1864.78,803662030
2016-02-17,1871.44,1895.77,1871.44,1895.58,840902604
2016-02-18,1898.8,1930.68,1898.8,1926.82,818329068
2016-02-19,1927.57,1930.0,1915.09,1917.83,729857043
2016-02-20,1916.74,1918.78,1902.17,1917.78,862707598
2016-02-23,1924.44,1946.7,1924.44,1945.5,663507139
2016-02-24,1942.38,1942.38,1919.44,1921.27,626777121
2016-02-25,1917.56,1932.08,1891.0,1929.8,662276978
2016-02-26,1931.87,1951.83,1925.41,1951.7,590011627
2016-02-27,1954.95,1962.96,1945.78,1948.05,669963590
2016-03-01,1947.13,1958.27,1931.81,1932.23,849457348
2016-03-02,1937.09,1978.35,1937.09,1978.35,742673686
2016-03-03,1976.6,1986.51,1968.8,1986.45,680798205
2016-03-04,1985.6,1993.69,1977.37,1993.4,667791595
2016-03-05,1994.01,2009.13,1986.77,1999.99,782568214
2016-03-08,1996.11,2006.12,1989.38,2001.76,654437507
2016-03-09,1996.88,1996.88,1977.43,1979.26,699804901
2016-03-10,1981.44,1992.69,1979.84,1989.26,608078572
2016-03-11,1990.97,2005.08,1969.25,1989.57,665439405
2016-03-12,1994.71,2022.37,1994.71,2022.19,641695645
2016-03-15,2019.27,2024.57,2012.05,2019.64,546834613
2016-03-16,2015.27,2015.94,2005.23,2015.93,529503338
2016-03-17,2014.24,2032.02,2010.04,2027.22,617655202
2016-03-18,2026.9,2046.24,2022.16,2040.59,661715372
2016-03-19,2041.16,2052.36,2041.16,2049.56,1725070852
2016-03-22,2047.88,2053.91,2043.14,2051.6,535572723
2016-03-23,2048.64,2056.6,2040.57,2049.8,555480442
2016-03-24,2048.55,2048.55,2034.86,2036.71,542124620
2016-03-25,2032.48,2036.04,2022.49,2035.94,600124419
2016-03-29,2037.89,2042.67,2031.96,2037.05,460618605
2016-03-30,2035.75,2055.91,2028.31,2055.01,571874192
2016-03-31,2058.27,2072.21,2058.27,2063.95,511377524
2016-04-01,2063.77,2067.92,2057.46,2059.74,636409975
2016-04-02,2056.62,2075.07,2043.98,2072.78,655004232
2016-04-05,2073.19,2074.02,2062.57,2066.13,532702712
2016-04-06,2062.5,2062.5,2042.56,2045.17,666152013
2016-04-07,2045.56,2067.33,2043.09,2066.66,581169463
2016-04-08,2063.01,2063.01,2033.8,2041.91,618270929
2016-04-09,2045.54,2060.63,2041.69,2047.6,534851519
2016-04-12,2050.23,2062.93,2041.88,2041.99,586540507
2016-04-13,2043.72,2065.05,2039.74,2061.72,590852942
2016-04-14,2065.92,2083.18,2065.92,2082.42,630905563
2016-04-15,2082.89,2087.84,2078.13,2082.78,563092213
2016-04-16,2083.1,2083.22,2076.31,2080.73,693534579
2016-04-19,2078.83,2094.66,2073.65,2094.34,546617436
2016-04-20,2096.05,2104.05,2091.68,2100.8,589612525
2016-04-21,2101.52,2111.05,2096.32,2102.4,604537168
2016-04-22,2102.09,2103.78,2088.52,2091.48,650715329
2016-04-23,2091.49,2094.32,2081.2,2091.58,705980621
2016-04-26,2089.37,2089.37,2077.52,2087.79,544758655
2016-04-27,2089.84,2096.87,2085.8,2091.7,597068986
2016-04-28,2092.33,2099.89,2082.31,2095.15,672027528
2016-04-29,2090.93,2099.3,2071.62,2075.81,688929375
2016-04-30,2071.82,2073.85,2052.28,2065.3,887315141
2016-05-03,2067.17,2083.42,2066.11,2081.43,604116575
2016-05-04,2077.18,2077.18,2054.89,2063.37,635546372
2016-05-05,2060.3,2060.3,2045.55,2051.12,626663675
2016-05-06,2052.95,2060.23,2045.77,2050.63,596053041
2016-05-07,2047.77,2057.72,2039.45,2057.14,588428467
2016-05-10,2057.55,2064.15,2054.31,2058.69,557442351
2016-05-11,2062.63,2084.87,2062.63,2084.39,520400738
2016-05-12,2083.29,2083.29,2064.46,2064.46,580116705
2016-05-13,2067.17,2073.99,2053.13,2064.11,588223537
2016-05-14,2062.5,2066.79,2043.13,2046.61,567469923
2016-05-17,2046.53,2071.88,2046.53,2066.66,567323618
2016-05-18,2065.04,2065.69,2040.82,2047.21,686667647
2016-05-19,2044.38,2060.61,2034.49,2047.63,558013212
2016-05-20,2044.21,2044.21,2025.91,2040.04,589878104
2016-05-21,2041.88,2058.35,2041.88,2052.32,697826394
2016-05-24,2052.23,2055.58,2047.26,2048.04,524837779
2016-05-25,2052.65,2079.67,2052.65,2076.06,557575332
2016-05-26,2078.93,2094.73,2078.93,2090.54,561658615
2016-05-27,2091.44,2094.3,2087.08,2090.1,474127312
2016-05-28,2090.06,2099.06,2090.06,2099.06,508487137
2016-06-01,2100.13,2103.48,2088.66,2096.96,904459880
2016-06-02,2093.94,2100.97,2085.1,2099.33,556851611
2016-06-03,2097.71,2105.26,2088.59,2105.26,628062808
2016-06-04,2104.07,2104.07,2085.36,2099.13,568033907
2016-06-07,2100.83,2113.36,2100.83,2109.41,532939655
2016-06-08,2110.18,2119.22,2110.18,2112.13,536131780
2016-06-09,2112.71,2120.55,2112.71,2119.12,496867839
2016-06-10,2115.65,2117.64,2107.73,2115.48,482643892
2016-06-11,2109.57,2109.57,2089.96,2096.07,552199108
2016-06-14,2091.75,2098.12,2078.46,2079.06,564040789
2016-06-15,2076.65,2081.3,2064.1,2075.32,576788895
2016-06-16,2077.6,2085.65,2069.8,2071.5,575938354
2016-06-17,2066.36,2079.62,2050.37,2077.99,552019076
2016-06-18,2078.2,2078.2,2062.84,2071.22,1301351097
2016-06-21,2075.58,2100.66,2075.58,2083.25,598150842
2016-06-22,2085.19,2093.66,2083.02,2088.9,537088649
2016-06-23,2089.75,2099.71,2084.36,2085.45,519438852
2016-06-24,2092.8,2113.32,2092.8,2113.32,525308203
2016-06-25,2103.81,2103.81,2032.57,2037.41,1403897820
2016-06-28,2031.45,2031.45,1991.68,2000.54,882683687
2016-06-29,2006.67,2036.09,2006.67,2036.09,718967504
2016-06-30,2042.69,2073.13,2042.69,2070.77,691858050
2016-07-01,2073.17,2098.94,2070.0,2098.86,892556858
2016-07-02,2099.34,2108.71,2097.9,2102.95,551736343
2016-07-06,2095.05,2095.05,2080.86,2088.55,650706103
2016-07-07,2084.43,2100.72,2074.02,2099.73,649649070
2016-07-08,2100.42,2109.08,2089.39,2097.9,546432231
2016-07-09,2106.97,2131.71,2106.97,2129.9,597242128
2016-07-12,2131.72,2143.16,2131.72,2137.16,514370297
2016-07-13,2139.5,2155.4,2139.5,2152.14,599252738
2016-07-14,2153.81,2156.45,2146.21,2152.43,514541411
2016-07-15,2157.88,2168.99,2157.88,2163.75,530310298
2016-07-16,2165.13,2169.05,2155.79,2161.74,643101106
2016-07-19,2162.04,2168.35,2159.63,2166.89,478404253
2016-07-20,2163.79,2164.63,2159.01,2163.78,516605607
2016-07-21,2166.1,2175.63,2164.89,2173.02,500205767
2016-07-22,2172.91,2174.56,2159.75,2165.17,559292869
2016-07-23,2166.47,2175.11,2163.24,2175.03,525935607
2016-07-26,2173.71,2173.71,2161.95,2168.48,511374042
2016-07-27,2168.97,2173.54,2160.18,2169.18,537572545
2016-07-28,2169.81,2174.98,2159.07,2166.58,661630367
2016-07-29,2166.05,2172.85,2159.74,2170.06,564543919
2016-07-30,2168.83,2177.09,2163.49,2173.6,787086996
2016-08-02,2173.15,2178.29,2166.21,2170.84,543777140
2016-08-03,2169.94,2170.2,2147.58,2157.03,619382235
2016-08-04,2156.81,2163.79,2152.56,2163.79,542285389
2016-08-05,2163.51,2168.19,2159.07,2164.25,492388664
2016-08-06,2168.79,2182.87,2168.79,2182.87,569849800
2016-08-09,2183.76,2185.44,2177.85,2180.89,486958977
2016-08-10,2182.24,2187.66,2178.61,2181.74,427986401
2016-08-11,2182.81,2183.41,2172.0,2175.49,439573433
2016-08-12,2177.97,2188.45,2177.97,2185.79,464458711
2016-08-13,2183.74,2186.28,2179.42,2184.05,432156303
2016-08-16,2186.08,2193.81,2186.08,2190.15,441305055
2016-08-17,2186.24,2186.24,2178.14,2178.15,484439239
2016-08-18,2177.84,2183.08,2168.5,2182.22,499856353
2016-08-19,2181.9,2187.03,2180.46,2187.02,510514826
2016-08-20,2184.24,2185.0,2175.13,2183.87,580186480
2016-08-23,2181.58,2185.15,2175.96,2182.64,463033593
2016-08-24,2187.81,2193.42,2186.8,2186.9,466736625
2016-08-25,2185.09,2186.66,2171.25,2175.44,472264903
2016-08-26,2173.29,2179.0,2169.74,2172.47,459398340
2016-08-27,2175.1,2187.94,2160.39,2169.04,494425690
2016-08-30,2170.19,2183.48,2170.19,2180.38,434407871
2016-08-31,2179.45,2182.27,2170.41,2176.12,470170318
2016-09-01,2173.56,2173.79,2161.35,2170.95,659162199
2016-09-02,2171.33,2173.56,2157.09,2170.86,507264056
2016-09-03,2177.49,2184.87,2173.59,2179.98,491982133
2016-09-07,2181.61,2186.57,2175.1,2186.48,569188047
2016-09-08,2185.17,2187.87,2179.07,2186.16,511720244
2016-09-09,2182.76,2184.94,2177.49,2181.3,530082582
2016-09-10,2169.08,2169.08,2127.81,2127.81,733227083
2016-09-13,2120.86,2163.3,2119.12,2159.04,678673914
2016-09-14,2150.47,2150.47,2120.27,2127.02,671922252
2016-09-15,2127.86,2141.33,2119.9,2125.77,613057415
2016-09-16,2125.36,2151.31,2122.36,2147.26,582039878
2016-09-17,2146.48,2146.48,2131.2,2139.16,1474359736
2016-09-20,2143.99,2153.61,2135.91,2139.12,513135966
2016-09-21,2145.94,2150.8,2139.17,2139.76,484990399
2016-09-22,2144.58,2165.11,2139.57,2163.12,584045429
2016-09-23,2170.94,2179.99,2170.94,2177.18,521694980
2016-09-24,2173.29,2173.75,2163.97,2164.69,520708916
2016-09-27,2158.54,2158.54,2145.04,2146.1,517726610
2016-09-28,2146.04,2161.13,2141.55,2159.93,534092546
2016-09-29,2161.85,2172.4,2151.79,2171.37,558057164
2016-09-30,2168.9,2172.67,2145.2,2151.13,616762353
2016-10-01,2156.51,2175.3,2156.51,2168.27,809085274
2016-10-04,2164.33,2164.41,2154.77,2161.2,514417686
2016-10-05,2163.37,2165.46,2144.01,2150.49,562930985
2016-10-06,2155.15,2163.95,2155.15,2159.73,599657716
2016-10-07,2158.22,2162.93,2150.28,2160.77,517703265
2016-10-08,2164.19,2165.86,2144.85,2153.74,620211022
2016-10-11,2160.39,2169.6,2160.39,2163.66,452832485
2016-10-12,2161.35,2161.56,2128.84,2136.73,576873524
2016-10-13,2137.67,2145.36,2132.77,2139.18,458983794
2016-10-14,2130.26,2138.19,2114.72,2132.55,561305794
2016-10-15,2139.68,2149.19,2132.98,2132.98,548993154
2016-10-18,2132.95,2135.61,2124.43,2126.5,479259921
2016-10-19,2138.31,2144.38,2135.49,2139.6,475279452
2016-10-20,2140.81,2148.44,2138.15,2144.29,544371390
2016-10-21,2142.51,2147.18,2133.44,2141.34,571361511
2016-10-22,2139.43,2142.63,2130.09,2141.16,654860857
2016-10-25,2148.5,2154.79,2146.91,2151.33,523564705
2016-10-26,2149.72,2151.44,2141.93,2143.16,530792143
2016-10-27,2136.97,2145.73,2131.59,2139.43,562087522
2016-10-28,2144.06,2147.13,2132.52,2133.04,614708800
2016-10-29,2132.23,2140.72,2119.36,2126.41,641367743
2016-11-01,2129.78,2133.25,2125.53,2126.15,673263488
2016-11-02,2128.68,2131.45,2097.85,2111.72,712604519
2016-11-03,2109.43,2111.76,2094.0,2097.94,641501340
2016-11-04,2098.8,2102.56,2085.23,2088.66,593008290
2016-11-05,2083.79,2099.07,2083.79,2085.18,624672107
2016-11-08,2100.59,2132.0,2100.59,2131.52,608621001
2016-11-09,2129.92,2146.87,2123.56,2139.56,556634318
2016-11-10,2131.56,2170.1,2125.35,2163.26,992770441
2016-11-11,2167.49,2182.3,2151.17,2167.48,997868105
2016-11-12,2162.71,2165.92,2152.49,2164.45,734601661
2016-11-15,2165.64,2171.36,2156.08,2164.2,798242148
2016-11-16,2168.29,2180.84,2166.38,2180.39,683976715
2016-11-17,2177.53,2179.22,2172.2,2176.94,569327906
2016-11-18,2178.61,2188.06,2176.65,2187.12,568950287
2016-11-19,2186.85,2189.89,2180.38,2181.9,670518317
2016-11-22,2186.43,2198.7,2186.43,2198.18,571010736
2016-11-23,2201.56,2204.8,2194.51,2202.94,593601222
2016-11-24,2198.55,2204.72,2194.51,2204.72,523778550
2016-11-26,2206.27,2213.35,2206.27,2213.35,261974388
2016-11-29,2210.21,2211.14,2200.36,2201.72,562045555
2016-11-30,2200.76,2210.46,2198.15,2204.66,578283446
2016-12-01,2204.97,2214.1,2198.81,2198.81,1055352593
2016-12-02,2200.17,2202.6,2187.44,2191.08,742047822
2016-12-03,2191.12,2197.95,2188.37,2191.95,587431425
2016-12-06,2200.65,2209.42,2199.97,2204.71,2353018266
2016-12-07,2207.26,2212.78,2202.21,2212.23,2170130802
2016-12-08,2210.72,2241.63,2208.93,2241.35,2734847977
2016-12-09,2241.13,2251.69,2237.57,2246.19,2436820226
2016-12-10,2249.73,2259.8,2249.23,2259.53,2200678359
2016-12-13,2258.83,2264.03,2252.37,2256.96,2358393107
2016-12-14,2263.32,2277.53,2263.32,2271.72,2311255270
2016-12-15,2268.35,2276.2,2248.44,2253.28,2660459785
2016-12-16,2253.77,2272.12,2253.77,2262.03,2428153807
2016-12-17,2266.81,2268.05,2254.24,2258.07,3710588961
2016-12-20,2259.24,2267.47,2258.21,2262.53,1855781424
2016-12-21,2266.5,2272.56,2266.14,2270.76,1797798599
2016-12-22,2270.54,2271.23,2265.15,2265.18,1585087533
2016-12-23,2262.93,2263.18,2256.08,2260.96,1713661488
2016-12-24,2260.25,2263.79,2258.84,2263.79,1082067041
2016-12-28,2266.23,2273.82,2266.15,2268.88,1090974756
2016-12-29,2270.23,2271.31,2249.11,2249.92,1343528461
2016-12-30,2249.5,2254.51,2244.56,2249.26,1264830314
2016-12-31,2251.61,2253.58,2233.62,2238.83,1580595290
2017-01-04,2251.57,2263.88,2245.13,2257.83,2318947704
2017-01-05,2261.6,2272.82,2261.6,2270.75,2097360283
2017-01-06,2268.18,2271.5,2260.45,2269.0,2187189991
2017-01-07,2271.14,2282.1,2264.06,2276.98,1957181141
2017-01-10,2273.59,2275.49,2268.9,2268.9,1914652521
2017-01-11,2269.72,2279.27,2265.27,2268.9,2138024556
2017-01-12,2268.6,2275.32,2260.83,2275.32,2118289876
2017-01-13,2271.14,2271.78,2254.25,2270.44,1937385140
2017-01-14,2272.74,2278.68,2271.51,2274.64,1780997918
2017-01-18,2269.14,2272.08,2262.81,2267.89,2212200212
2017-01-19,2269.14,2272.01,2263.35,2271.89,1998643920
2017-01-20,2271.9,2274.33,2258.41,2263.69,2041282775
2017-01-21,2269.96,2276.96,2265.01,2271.31,2311814026
2017-01-24,2267.78,2271.78,2257.02,2265.2,1990552394
2017-01-25,2267.88,2284.63,2266.68,2280.07,2229227176
2017-01-26,2288.88,2299.55,2288.88,2298.37,2461512021
2017-01-27,2298.63,2300.99,2294.08,2296.68,2333681818
2017-01-28,2299.02,2299.02,2291.62,2294.69,1999261103
2017-01-31,2286.01,2286.01,2268.04,2280.9,2108083825
2017-02-01,2274.02,2279.09,2267.21,2278.87,2555320206
2017-02-02,2285.59,2289.14,2272.44,2279.55,2478979663
2017-02-03,2276.69,2283.97,2271.65,2280.85,2321960100
2017-02-04,2288.54,2298.31,2287.88,2297.42,2208634271
2017-02-07,2294.28,2296.18,2288.57,2292.56,1902540482
2017-02-08,2295.87,2299.4,2290.16,2293.08,2079166228
2017-02-09,2289.55,2295.91,2285.38,2294.67,2113479926
2017-02-10,2296.7,2311.08,2296.61,2307.87,2118564108
2017-02-11,2312.27,2319.23,2311.1,2316.1,2067124621
2017-02-14,2321.72,2331.58,2321.42,2328.25,1958736592
2017-02-15,2326.12,2337.58,2322.17,2337.58,2161361274
2017-02-16,2335.58,2351.3,2334.81,2349.25,2251620057
2017-02-17,2349.64,2351.31,2338.87,2347.22,2086044777
2017-02-18,2343.01,2351.16,2339.58,2351.16,2119431713
2017-02-22,2354.91,2366.71,2354.91,2365.38,2108632113
2017-02-23,2361.11,2365.13,2358.34,2362.82,1953850309
2017-02-24,2367.5,2368.26,2355.09,2363.81,2200797996
2017-02-25,2355.73,2367.34,2352.87,2367.34,2190395580
2017-02-28,2365.23,2371.54,2361.87,2369.75,1881303612
2017-03-01,2366.08,2367.79,2358.96,2363.64,2538169006
2017-03-02,2380.13,2400.98,2380.13,2395.96,2575918105
2017-03-03,2394.75,2394.75,2380.17,2381.92,2120547995
2017-03-04,2380.92,2383.89,2375.39,2383.12,1832913368
2017-03-07,2375.23,2378.8,2367.98,2375.31,1888989012
2017-03-08,2370.74,2375.12,2365.51,2368.39,1912963515
2017-03-09,2369.81,2373.09,2361.01,2362.98,2085506267
2017-03-10,2363.49,2369.08,2354.54,2364.87,2019165372
2017-03-11,2372.52,2376.86,2363.04,2372.6,2017929799
2017-03-14,2371.56,2374.42,2368.52,2373.47,1822264173
2017-03-15,2368.55,2368.55,2358.18,2365.45,1685090225
2017-03-16,2370.34,2390.01,2368.94,2385.26,2124877753
2017-03-17,2387.71,2388.1,2377.18,2381.38,1878039166
2017-03-18,2383.71,2385.71,2377.64,2378.25,3398204726
2017-03-21,2378.24,2379.55,2369.66,2373.47,1822463497
2017-03-22,2379.32,2381.93,2341.9,2344.02,2637087666
2017-03-23,2343.0,2351.81,2336.45,2348.45,2138554725
2017-03-24,2345.97,2358.92,2342.13,2345.96,1918716637
2017-03-25,2350.42,2356.22,2335.74,2343.98,1920253678
2017-03-28,2329.11,2344.9,2322.25,2341.59,1931759835
2017-03-29,2339.79,2363.78,2337.63,2358.57,1951313548
2017-03-30,2356.54,2363.36,2352.94,2361.13,1734142857
2017-03-31,2361.31,2370.42,2358.58,2368.06,1848896263
2017-04-01,2364.82,2370.35,2362.6,2362.72,1997043936
2017-04-04,2362.34,2365.87,2344.73,2358.84,2182258164
2017-04-05,2354.76,2360.53,2350.72,2360.16,1820405464
2017-04-06,2366.59,2378.36,2350.52,2352.95,2104797919
2017-04-07,2353.79,2364.16,2348.9,2357.49,1936973655
2017-04-08,2356.59,2363.76,2350.74,2355.54,1730732345
2017-04-11,2357.16,2366.37,2351.5,2357.16,1620328913
2017-04-12,2353.92,2355.22,2337.25,2353.78,1817529614
2017-04-13,2352.15,2352.72,2341.18,2344.93,1897910285
2017-04-14,2341.98,2348.26,2328.95,2328.95,1764747362
2017-04-18,2332.62,2349.14,2332.51,2349.01,1626263722
2017-04-19,2342.53,2348.35,2334.54,2342.19,1903470745
2017-04-20,2346.79,2352.63,2335.05,2338.17,1946832750
2017-04-21,2342.69,2361.37,2340.91,2355.84,2089716231
2017-04-22,2354.74,2356.18,2344.51,2348.69,2071759000
2017-04-25,2370.33,2376.98,2369.19,2374.15,2248662130
2017-04-26,2381.51,2392.48,2381.15,2388.61,2304916837
2017-04-27,2388.98,2398.16,2386.76,2387.45,2223615893
2017-04-28,2389.7,2392.1,2382.68,2388.77,2205559179
2017-04-29,2393.68,2393.68,2382.36,2384.2,2239464723
2017-05-02,2388.5,2394.49,2384.83,2388.33,1893003482
2017-05-03,2391.05,2392.93,2385.82,2391.17,2371688652
2017-05-04,2386.5,2389.82,2379.75,2388.13,2270224276
2017-05-05,2389.79,2391.43,2380.35,2389.52,2236620277
2017-05-06,2392.37,2399.29,2389.38,2399.29,1823789877
2017-05-09,2399.94,2401.36,2393.92,2399.38,1845375125
2017-05-10,2401.58,2403.87,2392.44,2396.92,1855962757
2017-05-11,2396.79,2399.74,2392.79,2399.63,1985193441
2017-05-12,2394.84,2395.72,2381.74,2394.44,2024699568
2017-05-13,2392.44,2392.44,2387.19,2390.9,1786639028
2017-05-16,2393.98,2404.05,2393.94,2402.32,1896371278
2017-05-17,2404.55,2405.77,2396.05,2400.67,2039120191
2017-05-18,2382.95,2384.87,2356.21,2357.03,2717638993
2017-05-19,2354.69,2375.74,2352.72,2365.72,2308543266
2017-05-20,2371.37,2389.06,2370.43,2381.73,2249727653
2017-05-23,2387.21,2395.46,2386.92,2394.02,1858438550
2017-05-24,2397.04,2400.85,2393.88,2398.42,1770956038
2017-05-25,2401.41,2405.58,2397.99,2404.39,1797590258
2017-05-26,2409.54,2418.71,2408.01,2415.07,2010590494
2017-05-27,2414.5,2416.68,2412.2,2415.82,1524512471
2017-05-31,2411.67,2415.26,2409.43,2412.91,1776698945
2017-06-01,2415.63,2415.99,2403.59,2411.8,2610801638
2017-06-02,2415.65,2430.06,2413.54,2430.06,2156064796
2017-06-03,2431.28,2440.23,2427.71,2439.07,2017388178
2017-06-06,2437.83,2439.55,2434.32,2436.1,1742362529
2017-06-07,2431.92,2436.21,2428.12,2429.33,1972388344
2017-06-08,2432.03,2435.28,2424.75,2433.14,2087405916
2017-06-09,2434.27,2439.27,2427.94,2433.79,2247662987
2017-06-10,2436.39,2446.2,2415.7,2431.77,2624857734
2017-06-13,2425.88,2430.38,2419.97,2429.39,2715835496
2017-06-14,2434.15,2441.49,2431.28,2440.35,2078679924
2017-06-15,2443.75,2443.75,2428.34,2437.92,2077560864
2017-06-16,2424.14,2433.95,2418.53,2432.46,2056413023
2017-06-17,2431.24,2433.15,2422.88,2433.15,3474905593
2017-06-20,2442.55,2453.82,2441.79,2453.46,1881642580
2017-06-21,2450.66,2450.66,2436.6,2437.03,1981272777
2017-06-22,2439.31,2442.23,2430.74,2435.61,2194972916
2017-06-23,2437.4,2441.62,2433.27,2434.5,1975028145
2017-06-24,2434.65,2441.4,2431.11,2438.3,2954290817
2017-06-27,2443.32,2450.42,2437.03,2439.07,1807411392
2017-06-28,2436.34,2440.15,2419.38,2419.38,2029472171
2017-06-29,2428.7,2442.97,2428.02,2440.69,1978838398
2017-06-30,2442.38,2442.73,2405.7,2419.7,2437153407
2017-07-01,2429.2,2432.71,2421.65,2423.41,2068473232
2017-07-04,2431.39,2439.17,2428.69,2429.01,1196618815
2017-07-06,2430.78,2434.9,2422.05,2432.54,2001771783
2017-07-07,2423.44,2424.28,2407.7,2409.75,2021300572
2017-07-08,2413.52,2426.92,2413.52,2425.18,1668167766
2017-07-11,2424.51,2432.0,2422.27,2427.43,1767990685
2017-07-12,2427.35,2429.3,2412.79,2425.53,1732498090
2017-07-13,2435.75,2445.76,2435.75,2443.25,1856436041
2017-07-14,2444.99,2449.32,2441.69,2447.83,1845640421
2017-07-15,2449.16,2463.54,2446.69,2459.27,1667639471
2017-07-18,2459.5,2462.82,2457.16,2459.14,1655943312
2017-07-19,2455.88,2460.92,2450.34,2460.61,1750952401
2017-07-20,2463.85,2473.83,2463.85,2473.83,1849694295
2017-07-21,2475.56,2477.62,2468.43,2473.45,1993809051
2017-07-22,2467.4,2472.54,2465.06,2472.54,1946504700
2017-07-25,2472.04,2473.1,2466.32,2469.91,1943950654
2017-07-26,2477.88,2481.24,2474.91,2477.13,2373901996
2017-07-27,2479.97,2481.69,2474.94,2477.83,2261843215
2017-07-28,2482.76,2484.04,2459.93,2475.42,2677231030
2017-07-29,2469.12,2473.53,2464.66,2472.1,2043353625
2017-08-01,0.0,0.0,0.0,2470.3,2189633778
2017-08-02,2477.1,2478.51,2471.14,2476.35,2076284140
2017-08-03,2480.38,2480.38,2466.48,2477.57,2125483668
2017-08-04,2476.03,2476.03,2468.85,2472.16,2039487376
2017-08-05,2476.88,2480.0,2472.08,2476.83,1869113813
2017-08-08,2477.14,2480.95,2475.88,2480.91,1639568452
2017-08-09,2478.35,2490.87,2470.32,2474.92,1826290700
2017-08-10,2465.35,2474.41,2462.08,2474.02,1821056073
2017-08-11,2465.38,2465.38,2437.75,2438.21,2079314829
2017-08-12,2441.04,2448.09,2437.85,2441.32,1659262568
2017-08-15,2454.96,2468.22,2454.96,2465.84,1586223587
2017-08-16,2468.66,2468.9,2461.61,2464.61,1689633539
2017-08-17,2468.63,2474.93,2463.86,2468.11,1686069913
2017-08-18,2462.95,2465.02,2430.01,2430.01,1929351131
2017-08-19,2427.64,2440.27,2420.69,2425.55,1962081325
2017-08-22,2425.5,2430.58,2417.35,2428.37,1635773789
2017-08-23,2433.75,2454.77,2433.67,2452.51,1588713900
2017-08-24,2444.88,2448.91,2441.42,2444.04,1583454204
2017-08-25,2447.91,2450.39,2436.19,2438.97,1678956575
2017-08-26,2444.72,2453.96,2442.22,2443.05,1500901045
2017-08-29,2447.35,2449.12,2439.03,2444.24,1466541776
2017-08-30,2431.94,2449.19,2428.2,2446.3,1503811225
2017-08-31,2446.06,2460.31,2443.77,2457.59,1552245818
2017-09-01,2462.65,2475.01,2462.65,2471.65,2076949466
2017-09-02,2474.42,2480.38,2473.85,2476.55,1581548754
2017-09-06,2470.35,2471.97,2446.55,2457.85,2114362534
2017-09-07,2463.83,2469.64,2459.2,2465.54,2049759055
2017-09-08,2468.06,2468.62,2460.29,2465.1,2097113822
2017-09-09,2462.25,2467.11,2459.4,2461.43,2003871859
2017-09-12,2474.52,2488.95,2474.52,2488.11,1933077168
2017-09-13,2491.94,2496.77,2490.37,2496.48,1937393633
2017-09-14,2493.89,2498.37,2492.14,2498.37,1897322876
2017-09-15,2494.56,2498.43,2491.35,2495.62,1916765069
2017-09-16,2495.67,2500.23,2493.16,2500.23,3038855557
2017-09-19,2502.51,2508.32,2499.92,2503.87,1922720626
2017-09-20,2506.29,2507.84,2503.19,2506.65,1920071498
2017-09-21,2506.84,2508.85,2496.67,2508.24,2066413790
2017-09-22,2507.16,2507.16,2499.0,2500.6,1811929140
2017-09-23,2497.26,2503.47,2496.54,2502.22,1672336528
2017-09-26,2499.39,2502.54,2488.03,2496.66,2033920239
2017-09-27,2501.04,2503.51,2495.12,2496.84,1822049412
2017-09-28,2503.3,2511.75,2495.91,2507.04,2023404999
2017-09-29,2503.41,2510.81,2502.93,2510.06,1782169892
2017-09-30,2509.96,2519.44,2507.99,2519.36,1809911727
2017-10-03,2521.2,2529.23,2520.4,2529.12,1856378178
2017-10-04,2530.34,2535.13,2528.85,2534.58,1737511465
2017-10-05,2533.48,2540.53,2531.8,2537.74,1699097628
2017-10-06,2540.86,2552.51,2540.02,2552.07,1729395633
2017-10-07,2547.44,2549.41,2543.79,2549.33,1642294243
2017-10-10,2551.39,2551.82,2541.6,2544.73,1505566193
2017-10-11,2549.99,2555.23,2544.86,2550.64,1728125186
2017-10-12,2550.62,2555.24,2547.95,2555.24,1817197873
2017-10-13,2552.88,2555.33,2548.31,2550.93,2056842010
2017-10-14,2555.66,2557.65,2552.09,2553.17,1893931188
2017-10-17,2555.57,2559.47,2552.64,2557.64,1736356208
2017-10-18,2557.17,2559.71,2554.69,2559.36,1783193250
2017-10-19,2562.87,2564.11,2559.67,2561.26,1793321507
2017-10-20,2553.39,2562.36,2547.92,2562.1,1896003483
2017-10-21,2567.56,2575.44,2567.56,2575.21,2151131031
2017-10-24,2578.08,2578.29,2564.33,2564.98,2043652245
2017-10-25,2568.66,2572.18,2565.58,2569.13,2163380117
2017-10-26,2566.52,2567.4,2544.0,2557.15,2467911707
2017-10-27,2560.08,2567.07,2559.8,2560.4,2300758801
2017-10-28,2570.26,2582.98,2565.94,2581.07,2620458661
2017-10-31,2577.75,2580.03,2568.25,2572.83,2274922830
2017-11-01,2575.99,2578.29,2572.15,2575.26,2301425471
2017-11-02,2583.21,2588.4,2574.92,2579.36,2210945339
2017-11-03,2579.46,2581.11,2566.17,2579.85,2416738244
2017-11-04,2581.93,2588.42,2576.77,2587.84,2052553436
2017-11-07,2587.47,2593.38,2585.66,2591.13,2116417416
2017-11-08,2592.11,2597.02,2584.35,2590.64,2089736584
2017-11-09,2588.71,2595.47,2585.02,2594.38,2092332809
2017-11-10,2584.0,2586.5,2566.33,2584.62,2233489307
2017-11-11,2580.18,2583.81,2575.57,2582.3,2045161765
2017-11-14,2576.53,2587.66,2574.48,2584.84,2099115488
2017-11-15,2577.75,2579.66,2566.56,2578.87,2207475785
2017-11-16,2569.45,2572.84,2557.45,2564.62,2090801481
2017-11-17,2572.95,2590.09,2572.95,2585.64,2046697246
2017-11-18,2582.94,2583.96,2577.62,2578.85,2088322363
2017-11-21,2579.49,2584.64,2578.24,2582.14,1786156942
2017-11-22,2589.17,2601.19,2589.17,2599.03,1920976946
2017-11-23,2600.31,2600.94,2595.23,2597.08,1596057282
2017-11-25,2600.42,2604.21,2600.42,2602.42,728273120
2017-11-28,2602.66,2606.41,2598.87,2601.42,1728809902
2017-11-29,2605.94,2627.69,2605.44,2627.04,2068827193
2017-11-30,2627.82,2634.89,2620.32,2626.07,2671027931
2017-12-01,2633.93,2657.74,2633.93,2647.58,3122108556
2017-12-02,2645.1,2650.62,2605.52,2642.22,2497628661
2017-12-05,2657.19,2665.19,2639.03,2639.44,2795997614
2017-12-06,2639.78,2648.72,2627.73,2629.57,2274451411
2017-12-07,2626.24,2634.41,2624.75,2629.27,1926061906
2017-12-08,2628.38,2640.99,2626.53,2636.98,1977524079
2017-12-09,2646.21,2651.65,2644.1,2651.5,1843451003
2017-12-12,2652.19,2660.33,2651.47,2659.99,1811178474
2017-12-13,2661.73,2669.72,2659.78,2664.11,2021583257
2017-12-14,2667.59,2671.88,2662.85,2662.85,2001774693
2017-12-15,2665.87,2668.09,2652.01,2652.01,1997408360
2017-12-16,2660.63,2679.63,2659.14,2675.81,3745745599
2017-12-19,2685.92,2694.97,2685.92,2690.16,2173508052
2017-12-20,2692.71,2694.44,2680.74,2681.47,1951683145
2017-12-21,2688.18,2691.01,2676.11,2679.25,1965565010
2017-12-22,2683.02,2692.64,2682.4,2684.57,1948410028
2017-12-23,2684.22,2685.35,2678.13,2683.34,1426879392
2017-12-27,2679.09,2682.74,2677.96,2680.5,1100330515
2017-12-28,2682.1,2685.64,2678.91,2682.62,1187070868
2017-12-29,2686.1,2687.66,2682.69,2687.54,1131233959
2017-12-30,2689.15,2692.12,2673.61,2673.61,1354524997
2018-01-03,2683.73,2695.89,2682.36,2695.81,1892676821
2018-01-04,2697.85,2714.37,2697.77,2713.06,2247360842
2018-01-05,2719.31,2729.29,2719.07,2723.99,2209734660
2018-01-06,2731.33,2743.45,2727.92,2743.15,1998927821
2018-01-09,2742.67,2748.51,2737.6,2747.71,1965531285
2018-01-10,2751.15,2759.14,2747.86,2751.29,2022846957
2018-01-11,2745.55,2750.8,2736.06,2748.23,2091186564
2018-01-12,2752.97,2767.56,2752.78,2767.56,1975974166
2018-01-13,2770.18,2787.85,2769.64,2786.24,2129410147
2018-01-17,2798.96,2807.54,2768.64,2776.42,2600258928
2018-01-18,2784.99,2807.04,2778.38,2802.56,2419144959
2018-01-19,2802.4,2805.83,2792.56,2798.03,2307360399
2018-01-20,2802.6,2810.33,2798.08,2810.3,2440064591
2018-01-23,2809.16,2833.03,2808.12,2832.97,2162473890
2018-01-24,2835.05,2842.24,2830.59,2839.13,2168016076
2018-01-25,2845.42,2852.97,2824.81,2837.54,2447566185
2018-01-26,2846.24,2848.56,2830.94,2839.25,2317282272
2018-01-27,2847.48,2872.87,2846.18,2872.87,2215919470
2018-01-30,2867.23,2870.62,2851.48,2853.53,2175684056
2018-01-31,2832.74,2837.75,2818.27,2822.43,2405602352
2018-02-01,2832.41,2839.26,2813.04,2823.81,2823741643
2018-02-02,2816.45,2835.96,2812.7,2821.98,2466173553
2018-02-03,2808.92,2808.92,2759.97,2762.13,2721617693
2018-02-06,2741.06,2763.39,2638.17,2648.94,3544117631
2018-02-07,2614.78,2701.04,2593.07,2695.14,4024143782
2018-02-08,2690.95,2727.67,2681.33,2681.66,2838299340
2018-02-09,2685.01,2685.27,2580.56,2581.0,3249463483
2018-02-10,2601.78,2638.67,2532.69,2619.55,3731314758
2018-02-13,2636.75,2672.61,2622.45,2656.0,2679600258
2018-02-14,2646.27,2668.84,2637.08,2662.94,2093173107
2018-02-15,2651.21,2702.1,2648.87,2698.63,2420069523
2018-02-16,2713.46,2731.51,2689.82,2731.2,2296146111
2018-02-17,2727.14,2754.42,2725.11,2732.22,2214918724
2018-02-21,2722.99,2737.6,2706.76,2716.26,2135921507
2018-02-22,2720.53,2747.75,2701.29,2701.33,2221587843
2018-02-23,2710.42,2731.26,2697.77,2703.96,2099630393
2018-02-24,2715.8,2747.76,2713.74,2747.3,1869037502
2018-02-27,2757.37,2780.64,2753.78,2779.6,2112406595
2018-02-28,2780.45,2789.15,2744.22,2744.28,2357084280
2018-03-01,2753.78,2761.52,2713.54,2713.83,2606285720
2018-03-02,2715.22,2730.89,2659.65,2677.67,2790764003
2018-03-03,2658.89,2696.25,2647.32,2691.25,2445883838
2018-03-06,2681.06,2728.09,2675.75,2720.94,2341946665
2018-03-07,2730.18,2732.08,2711.26,2728.12,2080635491
2018-03-08,2710.18,2730.6,2701.74,2726.8,2204997482
2018-03-09,2732.75,2740.45,2722.65,2738.97,2047404579
2018-03-10,2752.91,2786.57,2751.54,2786.57,2195651356
2018-03-13,2790.54,2796.98,2779.26,2783.02,2157969175
2018-03-14,2792.31,2801.9,2758.68,2765.31,2353889418
2018-03-15,2774.06,2777.11,2744.38,2749.48,2179975826
2018-03-16,2754.27,2763.03,2741.47,2747.33,1998737404
2018-03-17,2750.57,2761.85,2749.97,2752.01,3459192718
2018-03-20,2741.38,2741.38,2694.59,2712.92,2191394840
2018-03-21,2715.05,2724.22,2710.05,2716.94,2088202415
2018-03-22,2714.99,2739.14,2709.79,2711.93,2074883961
2018-03-23,2691.36,2695.68,2641.59,2643.69,2492921032
2018-03-24,2646.71,2657.67,2585.89,2588.26,2558217934
2018-03-27,2619.35,2661.36,2601.81,2658.55,2434497989
2018-03-28,2667.57,2674.78,2596.12,2612.62,2501316081
2018-03-29,2611.3,2632.65,2593.06,2605.0,2574191549
2018-03-30,2614.41,2659.07,2609.72,2640.87,2348028811
2018-04-03,2633.45,2638.3,2553.8,2581.88,2468994069
2018-04-04,2592.17,2619.14,2575.49,2614.45,2169555248
2018-04-05,2584.04,2649.86,2573.61,2644.69,2220731180
2018-04-06,2657.36,2672.08,2649.58,2662.84,2008036352
2018-04-07,2645.82,2656.88,2586.27,2604.47,2187111865
2018-04-10,2617.18,2653.55,2610.79,2613.16,1923050595
2018-04-11,2638.41,2665.45,2635.78,2656.87,2132599583
2018-04-12,2643.89,2661.43,2639.25,2642.19,1788526146
2018-04-13,2653.83,2674.72,2653.83,2663.99,1922966393
2018-04-14,2676.9,2680.26,2645.05,2656.3,1823268887
2018-04-17,2670.1,2686.49,2665.16,2677.84,1866870482
2018-04-18,2692.74,2713.34,2692.05,2706.39,1925630582
2018-04-19,2710.11,2717.49,2703.63,2708.64,1965630369
2018-04-20,2701.16,2702.84,2681.9,2693.13,2168636678
2018-04-21,2692.56,2693.94,2660.61,2670.14,2308509070
